301,'c_71837_b_86637_d_96',837,,887,22,,,0,100,,890,22,,,0,100,,888,22,,,0,100,,891,22,,,0,100,,889,22,,,0,100,,892,22,,,0,100,,886,22,,,0,100,,893,22,,,0,100,,895,22,,,0,100,,894,22,,,0,100,,896,22,,,0,170,,897,22,0,16 13,0,200,,898,22,0,16 13,0
301,'c_71839_b_86639_d_31',837,,900,22,,,0,100,,905,22,,,0,100,,901,22,,,0,100,,906,22,,,0,100,,902,22,,,0,100,,907,22,,,0,100,,899,22,,,0,100,,903,22,,,0,100,,910,22,,,0,100,,904,22,,,0,100,,911,22,,,0,170,,908,22,0,16 13,0,200,,909,22,0,16 13,0
301,'c_72078_b_87195_d_31',837,,1364,22,,,0,100,,1372,22,,,0,100,,1365,22,,,0,100,,1373,22,,,0,100,,1366,22,,,0,100,,1374,22,,,0,100,,1369,22,,,0,100,,1370,22,,,0,100,,1375,22,,,0,100,,1371,22,,,0,100,,1376,22,,,0,170,,1367,22,0,16 13,0,200,,1368,22,0,16 13,0
301,'c_72079_b_87196_d_32',837,,1378,22,,,0,100,,1381,22,,,0,100,,1379,22,,,0,100,,1382,22,,,0,100,,1380,22,,,0,100,,1383,22,,,0,100,,1377,22,,,0,100,,1384,22,,,0,100,,1386,22,,,0,100,,1385,22,,,0,100,,1387,22,,,0,170,,1388,22,0,16 13,0,200,,1389,22,0,16 13,0
301,'c_72081_b_87198_d_64',937,,1394,22,,,0,100,,1390,22,,,0,100,,1395,22,,,0,100,,1391,22,,,0,100,,1396,22,,,0,100,,1392,22,,,0,100,,1397,22,,,0,100,,1393,22,,,0,100,,1398,22,,,0
401,'c_71837_b_86637_d_96',738,,968,22,0,16 13,0,170,,969,22,,,0,100,,974,22,,,0,100,,970,22,,,0,100,,975,22,,,0,100,,971,22,,,0,100,,976,22,,,0,100,,972,22,,,0,100,,977,22,,,0,100,,973,22,,,0,100,,978,22,,,0,100,,981,22,0,16 13,0,200,,979,22,0,16 13,0,200,,980,22,0,16 13,0
401,'c_71839_b_86639_d_31',647,,982,22,,,0,90,,985,22,,,0,70,,983,22,,,0,100,,984,22,,,0,100,,991,22,,,0,100,,986,22,,,0,100,,992,22,,,0,100,,987,22,,,0,100,,993,22,,,0,100,,988,22,,,0,100,,994,22,,,0,100,,989,22,,,0,100,,995,22,,,0,100,,990,22,0,16 13,0,200,,996,22,0,16 13,0,200,,997,22,0,16 13,0
401,'c_72078_b_87195_d_31',647,,1474,22,,,0,90,,1477,22,,,0,70,,1475,22,,,0,100,,1476,22,,,0,100,,1483,22,,,0,100,,1478,22,,,0,100,,1484,22,,,0,100,,1479,22,,,0,100,,1485,22,,,0,100,,1480,22,,,0,100,,1486,22,,,0,100,,1481,22,,,0,100,,1487,22,,,0,100,,1482,22,0,16 13,0,200,,1488,22,0,16 13,0,200,,1489,22,0,16 13,0
401,'c_72079_b_87196_d_32',738,,1490,22,0,16 13,0,170,,1491,22,,,0,100,,1496,22,,,0,100,,1492,22,,,0,100,,1497,22,,,0,100,,1493,22,,,0,100,,1498,22,,,0,100,,1494,22,,,0,100,,1499,22,,,0,100,,1495,22,,,0,100,,1500,22,,,0,100,,1503,22,0,16 13,0,200,,1501,22,0,16 13,0,200,,1502,22,0,16 13,0
401,'c_72081_b_87198_d_64',1007,,1509,22,,,0,100,,1504,22,,,0,100,,1510,22,,,0,100,,1505,22,,,0,100,,1511,22,,,0,100,,1506,22,,,0,100,,1512,22,,,0,100,,1507,22,,,0,100,,1508,22,0,16 13,0
