300,'c_71837_b_86637_d_96',740,,848,27,,,0,100,,845,27,,,0,100,,849,27,,,0,100,,846,27,,,0,100,,850,27,,,0,100,,847,27,,,0,100,,851,27,,,0,100,,833,27,,,0,100,,852,27,,,0,100,,834,27,,,0,100,,853,27,,,0,170,,830,27,,,0,200,,831,27,,,0,200,,832,27,,,0
300,'c_71839_b_86639_d_31',735,,865,27,,,0,105,,866,27,,,0,100,,869,27,,,0,100,,867,27,,,0,100,,870,27,,,0,100,,868,27,,,0,100,,871,27,,,0,100,,860,27,,,0,100,,858,27,,,0,100,,861,27,,,0,100,,859,27,,,0,170,,862,27,,,0,200,,863,27,,,0,200,,864,27,,,0
300,'c_72078_b_87195_d_31',735,,1292,27,,,0,105,,1311,27,,,0,100,,1314,27,,,0,100,,1312,27,,,0,100,,1315,27,,,0,100,,1313,27,,,0,100,,1316,27,,,0,100,,1309,27,,,0,100,,1307,27,,,0,100,,1310,27,,,0,100,,1308,27,,,0,170,,1289,27,,,0,200,,1290,27,,,0,200,,1291,27,,,0
300,'c_72079_b_87196_d_32',740,,1339,27,,,0,100,,1336,27,,,0,100,,1340,27,,,0,100,,1337,27,,,0,100,,1341,27,,,0,100,,1338,27,,,0,100,,1342,27,,,0,100,,1334,27,,,0,100,,1343,27,,,0,100,,1335,27,,,0,100,,1344,27,,,0,170,,1331,27,,,0,200,,1332,27,,,0,200,,1333,27,,,0
300,'c_72081_b_87198_d_64',940,,1349,27,,,0,100,,1345,27,,,0,100,,1350,27,,,0,100,,1346,27,,,0,100,,1351,27,,,0,100,,1347,27,,,0,100,,1352,27,,,0,100,,1348,27,,,0,100,,1353,27,,,0
400,'c_71837_b_86637_d_96',908,,933,27,,,0,100,,921,27,,,0,100,,934,27,,,0,100,,922,27,,,0,100,,935,27,,,0,100,,923,27,,,0,100,,936,27,,,0,100,,924,27,,,0,100,,937,27,,,0,100,,925,27,,,0,200,,912,27,,,0,200,,913,27,,,0
400,'c_71839_b_86639_d_31',705,,966,27,,,0,105,,944,27,,,0,100,,942,27,,,0,100,,961,27,,,0,100,,957,27,,,0,100,,962,27,,,0,100,,958,27,,,0,100,,963,27,,,0,100,,959,27,,,0,100,,964,27,,,0,100,,960,27,,,0,100,,965,27,,,0,200,,940,27,,,0,200,,941,27,,,0
400,'c_72078_b_87195_d_31',705,,1428,27,,,0,105,,1405,27,,,0,100,,1403,27,,,0,100,,1422,27,,,0,100,,1418,27,,,0,100,,1423,27,,,0,100,,1419,27,,,0,100,,1424,27,,,0,100,,1420,27,,,0,100,,1425,27,,,0,100,,1421,27,,,0,100,,1426,27,,,0,200,,1401,27,,,0,200,,1402,27,,,0
400,'c_72079_b_87196_d_32',908,,1450,27,,,0,100,,1438,27,,,0,100,,1451,27,,,0,100,,1439,27,,,0,100,,1452,27,,,0,100,,1440,27,,,0,100,,1453,27,,,0,100,,1441,27,,,0,100,,1454,27,,,0,100,,1442,27,,,0,200,,1429,27,,,0,200,,1430,27,,,0
400,'c_72081_b_87198_d_64',1010,,1459,27,,,0,100,,1455,27,,,0,100,,1460,27,,,0,100,,1456,27,,,0,100,,1461,27,,,0,100,,1457,27,,,0,100,,1462,27,,,0,100,,1458,27,,,0,100,,1463,27,,,0
