301,'c_71837_b_86637_d_96',827,,887,12,,,0,100,,890,12,,,0,100,,888,12,,,0,100,,891,12,,,0,100,,889,12,,,0,100,,892,12,,,0,100,,886,12,,,0,100,,893,12,,,0,100,,895,12,,,0,100,,894,12,,,0,100,,896,12,,,0,130,,897,12,0,16 13,0,200,,898,12,0,16 13,0
301,'c_71839_b_86639_d_31',827,,900,12,,,0,100,,905,12,,,0,100,,901,12,,,0,100,,906,12,,,0,100,,902,12,,,0,100,,907,12,,,0,100,,899,12,,,0,100,,903,12,,,0,100,,910,12,,,0,100,,904,12,,,0,100,,911,12,,,0,130,,908,12,0,16 13,0,200,,909,12,0,16 13,0
301,'c_72078_b_87195_d_31',827,,1364,12,,,0,100,,1372,12,,,0,100,,1365,12,,,0,100,,1373,12,,,0,100,,1366,12,,,0,100,,1374,12,,,0,100,,1369,12,,,0,100,,1370,12,,,0,100,,1375,12,,,0,100,,1371,12,,,0,100,,1376,12,,,0,130,,1367,12,0,16 13,0,200,,1368,12,0,16 13,0
301,'c_72079_b_87196_d_32',827,,1378,12,,,0,100,,1381,12,,,0,100,,1379,12,,,0,100,,1382,12,,,0,100,,1380,12,,,0,100,,1383,12,,,0,100,,1377,12,,,0,100,,1384,12,,,0,100,,1386,12,,,0,100,,1385,12,,,0,100,,1387,12,,,0,130,,1388,12,0,16 13,0,200,,1389,12,0,16 13,0
301,'c_72081_b_87198_d_64',927,,1394,12,,,0,100,,1390,12,,,0,100,,1395,12,,,0,100,,1391,12,,,0,100,,1396,12,,,0,100,,1392,12,,,0,100,,1397,12,,,0,100,,1393,12,,,0,100,,1398,12,,,0
401,'c_71837_b_86637_d_96',727,,968,12,0,16 13,0,130,,969,12,,,0,100,,974,12,,,0,100,,970,12,,,0,100,,975,12,,,0,100,,971,12,,,0,100,,976,12,,,0,100,,972,12,,,0,100,,977,12,,,0,100,,973,12,,,0,100,,978,12,,,0,100,,981,12,0,16 13,0,200,,979,12,0,16 13,0,200,,980,12,0,16 13,0
401,'c_71839_b_86639_d_31',637,,982,12,,,0,90,,985,12,,,0,30,,983,12,,,0,100,,984,12,,,0,100,,991,12,,,0,100,,986,12,,,0,100,,992,12,,,0,100,,987,12,,,0,100,,993,12,,,0,100,,988,12,,,0,100,,994,12,,,0,100,,989,12,,,0,100,,995,12,,,0,100,,990,12,0,16 13,0,200,,996,12,0,16 13,0,200,,997,12,0,16 13,0
401,'c_72078_b_87195_d_31',637,,1474,12,,,0,90,,1477,12,,,0,30,,1475,12,,,0,100,,1476,12,,,0,100,,1483,12,,,0,100,,1478,12,,,0,100,,1484,12,,,0,100,,1479,12,,,0,100,,1485,12,,,0,100,,1480,12,,,0,100,,1486,12,,,0,100,,1481,12,,,0,100,,1487,12,,,0,100,,1482,12,0,16 13,0,200,,1488,12,0,16 13,0,200,,1489,12,0,16 13,0
401,'c_72079_b_87196_d_32',727,,1490,12,0,16 13,0,130,,1491,12,,,0,100,,1496,12,,,0,100,,1492,12,,,0,100,,1497,12,,,0,100,,1493,12,,,0,100,,1498,12,,,0,100,,1494,12,,,0,100,,1499,12,,,0,100,,1495,12,,,0,100,,1500,12,,,0,100,,1503,12,0,16 13,0,200,,1501,12,0,16 13,0,200,,1502,12,0,16 13,0
401,'c_72081_b_87198_d_64',957,,1509,12,,,0,100,,1504,12,,,0,100,,1510,12,,,0,100,,1505,12,,,0,100,,1511,12,,,0,100,,1506,12,,,0,100,,1512,12,,,0,100,,1507,12,,,0,100,,1508,12,0,16 13,0
701,'c_71885_b_86774_d_31',703,,1071,15,,,0
701,'c_72080_b_87197_d_31',703,,1517,15,,,0
701,'c_72082_b_87203_d_31',703,,1518,15,,,0
801,'c_71885_b_86774_d_31',725,,1117,8,,,0,30,,1115,8,,,0,70,,1116,8,,,0,30,,1118,8,,,0,70,,1125,8,,,0,30,,1122,8,,,0,70,,1119,8,,,0,30,,1126,8,,,0,70,,1123,8,,,0,30,,1120,8,,,0,70,,1127,8,,,0,30,,1124,8,,,0,70,,1121,8,,,0,30,,1128,8,,,0,70,,1136,8,,,0,30,,1131,8,,,0,70,,1129,8,,,0,30,,1134,8,,,0,70,,1132,8,,,0,30,,1130,8,,,0,70,,1135,8,,,0,30,,1133,8,,,0
801,'c_72080_b_87197_d_31',725,,1597,8,,,0,30,,1595,8,,,0,70,,1596,8,,,0,30,,1598,8,,,0,70,,1605,8,,,0,30,,1602,8,,,0,70,,1599,8,,,0,30,,1606,8,,,0,70,,1603,8,,,0,30,,1600,8,,,0,70,,1607,8,,,0,30,,1604,8,,,0,70,,1601,8,,,0,30,,1608,8,,,0,70,,1616,8,,,0,30,,1611,8,,,0,70,,1609,8,,,0,30,,1614,8,,,0,70,,1612,8,,,0,30,,1610,8,,,0,70,,1615,8,,,0,30,,1613,8,,,0
801,'c_72082_b_87203_d_31',725,,1618,8,,,0,30,,1617,8,,,0,100,,1619,8,,,0,70,,1623,8,,,0,30,,1620,8,,,0,100,,1624,8,,,0,70,,1621,8,,,0,100,,1625,8,,,0,30,,1622,8,,,0,100,,1626,8,,,0,70,,1634,8,,,0,30,,1629,8,,,0,70,,1627,8,,,0,30,,1632,8,,,0,70,,1630,8,,,0,30,,1628,8,,,0,70,,1633,8,,,0,30,,1631,8,,,0
