300,'c_71837_b_86637_d_96',723,,848,10,,,0,100,,845,10,,,0,100,,849,10,,,0,100,,846,10,,,0,100,,850,10,,,0,100,,847,10,,,0,100,,851,10,,,0,100,,833,10,,,0,100,,852,10,,,0,100,,834,10,,,0,100,,853,10,,,0,130,,830,10,,,0,200,,831,10,,,0,200,,832,10,,,0
300,'c_71839_b_86639_d_31',718,,865,10,,,0,105,,866,10,,,0,100,,869,10,,,0,100,,867,10,,,0,100,,870,10,,,0,100,,868,10,,,0,100,,871,10,,,0,100,,860,10,,,0,100,,858,10,,,0,100,,861,10,,,0,100,,859,10,,,0,130,,862,10,,,0,200,,863,10,,,0,200,,864,10,,,0
300,'c_72078_b_87195_d_31',718,,1292,10,,,0,105,,1311,10,,,0,100,,1314,10,,,0,100,,1312,10,,,0,100,,1315,10,,,0,100,,1313,10,,,0,100,,1316,10,,,0,100,,1309,10,,,0,100,,1307,10,,,0,100,,1310,10,,,0,100,,1308,10,,,0,130,,1289,10,,,0,200,,1290,10,,,0,200,,1291,10,,,0
300,'c_72079_b_87196_d_32',723,,1339,10,,,0,100,,1336,10,,,0,100,,1340,10,,,0,100,,1337,10,,,0,100,,1341,10,,,0,100,,1338,10,,,0,100,,1342,10,,,0,100,,1334,10,,,0,100,,1343,10,,,0,100,,1335,10,,,0,100,,1344,10,,,0,130,,1331,10,,,0,200,,1332,10,,,0,200,,1333,10,,,0
300,'c_72081_b_87198_d_64',923,,1349,10,,,0,100,,1345,10,,,0,100,,1350,10,,,0,100,,1346,10,,,0,100,,1351,10,,,0,100,,1347,10,,,0,100,,1352,10,,,0,100,,1348,10,,,0,100,,1353,10,,,0
400,'c_71837_b_86637_d_96',853,,933,10,,,0,100,,921,10,,,0,100,,934,10,,,0,100,,922,10,,,0,100,,935,10,,,0,100,,923,10,,,0,100,,936,10,,,0,100,,924,10,,,0,100,,937,10,,,0,100,,925,10,,,0,200,,912,10,,,0,200,,913,10,,,0
400,'c_71839_b_86639_d_31',648,,966,10,,,0,105,,944,10,,,0,100,,942,10,,,0,100,,961,10,,,0,100,,957,10,,,0,100,,962,10,,,0,100,,958,10,,,0,100,,963,10,,,0,100,,959,10,,,0,100,,964,10,,,0,100,,960,10,,,0,100,,965,10,,,0,200,,940,10,,,0,200,,941,10,,,0
400,'c_72078_b_87195_d_31',648,,1428,10,,,0,105,,1405,10,,,0,100,,1403,10,,,0,100,,1422,10,,,0,100,,1418,10,,,0,100,,1423,10,,,0,100,,1419,10,,,0,100,,1424,10,,,0,100,,1420,10,,,0,100,,1425,10,,,0,100,,1421,10,,,0,100,,1426,10,,,0,200,,1401,10,,,0,200,,1402,10,,,0
400,'c_72079_b_87196_d_32',853,,1450,10,,,0,100,,1438,10,,,0,100,,1451,10,,,0,100,,1439,10,,,0,100,,1452,10,,,0,100,,1440,10,,,0,100,,1453,10,,,0,100,,1441,10,,,0,100,,1454,10,,,0,100,,1442,10,,,0,200,,1429,10,,,0,200,,1430,10,,,0
400,'c_72081_b_87198_d_64',953,,1459,10,,,0,100,,1455,10,,,0,100,,1460,10,,,0,100,,1456,10,,,0,100,,1461,10,,,0,100,,1457,10,,,0,100,,1462,10,,,0,100,,1458,10,,,0,100,,1463,10,,,0
