301,'c_71837_b_86637_d_96',817,,887,4,,,0,100,,890,4,,,0,100,,888,4,,,0,100,,891,4,,,0,100,,889,4,,,0,100,,892,4,,,0,100,,886,4,,,0,100,,893,4,,,0,100,,895,4,,,0,100,,894,4,,,0,100,,896,4,,,0,130,,897,4,0,16 13,0,200,,898,4,0,16 13,0
301,'c_71839_b_86639_d_31',817,,900,4,,,0,100,,905,4,,,0,100,,901,4,,,0,100,,906,4,,,0,100,,902,4,,,0,100,,907,4,,,0,100,,899,4,,,0,100,,903,4,,,0,100,,910,4,,,0,100,,904,4,,,0,100,,911,4,,,0,130,,908,4,0,16 13,0,200,,909,4,0,16 13,0
301,'c_72078_b_87195_d_31',817,,1364,4,,,0,100,,1372,4,,,0,100,,1365,4,,,0,100,,1373,4,,,0,100,,1366,4,,,0,100,,1374,4,,,0,100,,1369,4,,,0,100,,1370,4,,,0,100,,1375,4,,,0,100,,1371,4,,,0,100,,1376,4,,,0,130,,1367,4,0,16 13,0,200,,1368,4,0,16 13,0
301,'c_72079_b_87196_d_32',817,,1378,4,,,0,100,,1381,4,,,0,100,,1379,4,,,0,100,,1382,4,,,0,100,,1380,4,,,0,100,,1383,4,,,0,100,,1377,4,,,0,100,,1384,4,,,0,100,,1386,4,,,0,100,,1385,4,,,0,100,,1387,4,,,0,130,,1388,4,0,16 13,0,200,,1389,4,0,16 13,0
301,'c_72081_b_87198_d_64',917,,1394,4,,,0,100,,1390,4,,,0,100,,1395,4,,,0,100,,1391,4,,,0,100,,1396,4,,,0,100,,1392,4,,,0,100,,1397,4,,,0,100,,1393,4,,,0,100,,1398,4,,,0
401,'c_71837_b_86637_d_96',716,,968,4,0,16 13,0,130,,969,4,,,0,100,,974,4,,,0,100,,970,4,,,0,100,,975,4,,,0,100,,971,4,,,0,100,,976,4,,,0,100,,972,4,,,0,100,,977,4,,,0,100,,973,4,,,0,100,,978,4,,,0,100,,981,4,0,16 13,0,200,,979,4,0,16 13,0,200,,980,4,0,16 13,0
401,'c_71839_b_86639_d_31',627,,982,4,,,0,90,,985,4,,,0,30,,983,4,,,0,100,,984,4,,,0,100,,991,4,,,0,100,,986,4,,,0,100,,992,4,,,0,100,,987,4,,,0,100,,993,4,,,0,100,,988,4,,,0,100,,994,4,,,0,100,,989,4,,,0,100,,995,4,,,0,100,,990,4,0,16 13,0,200,,996,4,0,16 13,0,200,,997,4,0,16 13,0
401,'c_72078_b_87195_d_31',627,,1474,4,,,0,90,,1477,4,,,0,30,,1475,4,,,0,100,,1476,4,,,0,100,,1483,4,,,0,100,,1478,4,,,0,100,,1484,4,,,0,100,,1479,4,,,0,100,,1485,4,,,0,100,,1480,4,,,0,100,,1486,4,,,0,100,,1481,4,,,0,100,,1487,4,,,0,100,,1482,4,0,16 13,0,200,,1488,4,0,16 13,0,200,,1489,4,0,16 13,0
401,'c_72079_b_87196_d_32',716,,1490,4,0,16 13,0,130,,1491,4,,,0,100,,1496,4,,,0,100,,1492,4,,,0,100,,1497,4,,,0,100,,1493,4,,,0,100,,1498,4,,,0,100,,1494,4,,,0,100,,1499,4,,,0,100,,1495,4,,,0,100,,1500,4,,,0,100,,1503,4,0,16 13,0,200,,1501,4,0,16 13,0,200,,1502,4,0,16 13,0
401,'c_72081_b_87198_d_64',947,,1509,4,,,0,100,,1504,4,,,0,100,,1510,4,,,0,100,,1505,4,,,0,100,,1511,4,,,0,100,,1506,4,,,0,100,,1512,4,,,0,100,,1507,4,,,0,100,,1508,4,0,16 13,0
701,'c_71885_b_86774_d_31',647,,1071,4,,,0
701,'c_72080_b_87197_d_31',647,,1517,4,,,0
701,'c_72082_b_87203_d_31',647,,1518,4,,,0
