100,'c_71837_b_86637_d_96',749,,724,4,,,0,100,,735,4,,,0,70,,725,4,,,0,30,,736,4,,,0,70,,727,4,,,0,30,,737,4,,,0,70,,728,4,,,0,30,,738,4,,,0,70,,729,4,,,0,30,,739,4,,,0,70,,730,4,,,0,30,,740,4,,,0,70,,731,4,,,0,30,,720,4,,,0,70,,732,4,,,0,30,,721,4,,,0,70,,733,4,,,0,30,,722,4,,,0,70,,734,4,,,0,30,,723,4,,,0,70,,726,4,,,0,100,,741,4,,,0,100,,742,4,,,0,100,,743,4,,,0,100,,744,4,,,0,100,,745,4,,,0
100,'c_71839_b_86639_d_31',719,,772,4,,,0,30,,746,4,,,0,70,,773,4,,,0,30,,747,4,,,0,70,,757,4,,,0,30,,748,4,,,0,70,,759,4,,,0,30,,749,4,,,0,70,,760,4,,,0,30,,750,4,,,0,70,,761,4,,,0,30,,751,4,,,0,70,,762,4,,,0,30,,752,4,,,0,70,,763,4,,,0,30,,753,4,,,0,70,,764,4,,,0,30,,754,4,,,0,70,,765,4,,,0,30,,755,4,,,0,70,,766,4,,,0,30,,756,4,,,0,70,,758,4,,,0,100,,767,4,,,0,100,,768,4,,,0,100,,769,4,,,0,100,,770,4,,,0,100,,771,4,,,0
100,'c_72078_b_87195_d_31',719,,1168,4,,,0,30,,1142,4,,,0,70,,1169,4,,,0,30,,1143,4,,,0,70,,1153,4,,,0,30,,1144,4,,,0,70,,1155,4,,,0,30,,1145,4,,,0,70,,1156,4,,,0,30,,1146,4,,,0,70,,1157,4,,,0,30,,1147,4,,,0,70,,1158,4,,,0,30,,1148,4,,,0,70,,1159,4,,,0,30,,1149,4,,,0,70,,1160,4,,,0,30,,1150,4,,,0,70,,1161,4,,,0,30,,1151,4,,,0,70,,1162,4,,,0,30,,1152,4,,,0,70,,1154,4,,,0,100,,1163,4,,,0,100,,1164,4,,,0,100,,1165,4,,,0,100,,1166,4,,,0,100,,1167,4,,,0
100,'c_72079_b_87196_d_32',749,,1174,4,,,0,100,,1185,4,,,0,70,,1175,4,,,0,30,,1186,4,,,0,70,,1177,4,,,0,30,,1187,4,,,0,70,,1178,4,,,0,30,,1188,4,,,0,70,,1179,4,,,0,30,,1189,4,,,0,70,,1180,4,,,0,30,,1190,4,,,0,70,,1181,4,,,0,30,,1170,4,,,0,70,,1182,4,,,0,30,,1171,4,,,0,70,,1183,4,,,0,30,,1172,4,,,0,70,,1184,4,,,0,30,,1173,4,,,0,70,,1176,4,,,0,100,,1191,4,,,0,100,,1192,4,,,0,100,,1193,4,,,0,100,,1194,4,,,0,100,,1195,4,,,0
100,'c_72081_b_87198_d_64',919,,1196,4,,,0,30,,1206,4,,,0,70,,1198,4,,,0,30,,1207,4,,,0,70,,1199,4,,,0,30,,1208,4,,,0,70,,1200,4,,,0,30,,1209,4,,,0,70,,1201,4,,,0,30,,1210,4,,,0,70,,1202,4,,,0,30,,1211,4,,,0,70,,1203,4,,,0,30,,1212,4,,,0,70,,1204,4,,,0,30,,1213,4,,,0,70,,1205,4,,,0,30,,1214,4,,,0,70,,1197,4,,,0
300,'c_71837_b_86637_d_96',717,,848,4,,,0,100,,845,4,,,0,100,,849,4,,,0,100,,846,4,,,0,100,,850,4,,,0,100,,847,4,,,0,100,,851,4,,,0,100,,833,4,,,0,100,,852,4,,,0,100,,834,4,,,0,100,,853,4,,,0,130,,830,4,,,0,200,,831,4,,,0,200,,832,4,,,0
300,'c_71839_b_86639_d_31',712,,865,4,,,0,105,,866,4,,,0,100,,869,4,,,0,100,,867,4,,,0,100,,870,4,,,0,100,,868,4,,,0,100,,871,4,,,0,100,,860,4,,,0,100,,858,4,,,0,100,,861,4,,,0,100,,859,4,,,0,130,,862,4,,,0,200,,863,4,,,0,200,,864,4,,,0
300,'c_72078_b_87195_d_31',712,,1292,4,,,0,105,,1311,4,,,0,100,,1314,4,,,0,100,,1312,4,,,0,100,,1315,4,,,0,100,,1313,4,,,0,100,,1316,4,,,0,100,,1309,4,,,0,100,,1307,4,,,0,100,,1310,4,,,0,100,,1308,4,,,0,130,,1289,4,,,0,200,,1290,4,,,0,200,,1291,4,,,0
300,'c_72079_b_87196_d_32',717,,1339,4,,,0,100,,1336,4,,,0,100,,1340,4,,,0,100,,1337,4,,,0,100,,1341,4,,,0,100,,1338,4,,,0,100,,1342,4,,,0,100,,1334,4,,,0,100,,1343,4,,,0,100,,1335,4,,,0,100,,1344,4,,,0,130,,1331,4,,,0,200,,1332,4,,,0,200,,1333,4,,,0
300,'c_72081_b_87198_d_64',917,,1349,4,,,0,100,,1345,4,,,0,100,,1350,4,,,0,100,,1346,4,,,0,100,,1351,4,,,0,100,,1347,4,,,0,100,,1352,4,,,0,100,,1348,4,,,0,100,,1353,4,,,0
400,'c_71837_b_86637_d_96',847,,933,4,,,0,100,,921,4,,,0,100,,934,4,,,0,100,,922,4,,,0,100,,935,4,,,0,100,,923,4,,,0,100,,936,4,,,0,100,,924,4,,,0,100,,937,4,,,0,100,,925,4,,,0,200,,912,4,,,0,200,,913,4,,,0
400,'c_71839_b_86639_d_31',642,,966,4,,,0,105,,944,4,,,0,100,,942,4,,,0,100,,961,4,,,0,100,,957,4,,,0,100,,962,4,,,0,100,,958,4,,,0,100,,963,4,,,0,100,,959,4,,,0,100,,964,4,,,0,100,,960,4,,,0,100,,965,4,,,0,200,,940,4,,,0,200,,941,4,,,0
400,'c_72078_b_87195_d_31',642,,1428,4,,,0,105,,1405,4,,,0,100,,1403,4,,,0,100,,1422,4,,,0,100,,1418,4,,,0,100,,1423,4,,,0,100,,1419,4,,,0,100,,1424,4,,,0,100,,1420,4,,,0,100,,1425,4,,,0,100,,1421,4,,,0,100,,1426,4,,,0,200,,1401,4,,,0,200,,1402,4,,,0
400,'c_72079_b_87196_d_32',847,,1450,4,,,0,100,,1438,4,,,0,100,,1451,4,,,0,100,,1439,4,,,0,100,,1452,4,,,0,100,,1440,4,,,0,100,,1453,4,,,0,100,,1441,4,,,0,100,,1454,4,,,0,100,,1442,4,,,0,200,,1429,4,,,0,200,,1430,4,,,0
400,'c_72081_b_87198_d_64',947,,1459,4,,,0,100,,1455,4,,,0,100,,1460,4,,,0,100,,1456,4,,,0,100,,1461,4,,,0,100,,1457,4,,,0,100,,1462,4,,,0,100,,1458,4,,,0,100,,1463,4,,,0
700,'c_71885_b_86774_d_31',1301,,1069,4,,,0,400,,1070,4,,,0
700,'c_72080_b_87197_d_31',1301,,1513,4,,,0,400,,1514,4,,,0
700,'c_72082_b_87203_d_31',1301,,1515,4,,,0,400,,1516,4,,,0
800,'c_71885_b_86774_d_31',701,,1089,4,,,0,30,,1075,4,,,0,70,,1097,4,,,0,30,,1090,4,,,0,70,,1074,4,,,0,30,,1091,4,,,0,70,,1101,4,,,0,30,,1098,4,,,0,70,,1092,4,,,0,30,,1102,4,,,0,70,,1099,4,,,0,30,,1093,4,,,0,100,,1100,4,,,0,70,,1094,4,,,0,30,,1106,4,,,0,70,,1104,4,,,0,30,,1103,4,,,0,70,,1095,4,,,0,30,,1105,4,,,0,100,,1096,4,,,0
800,'c_72080_b_87197_d_31',701,,1524,4,,,0,30,,1522,4,,,0,70,,1544,4,,,0,30,,1525,4,,,0,70,,1521,4,,,0,30,,1538,4,,,0,70,,1548,4,,,0,30,,1545,4,,,0,70,,1539,4,,,0,30,,1549,4,,,0,70,,1546,4,,,0,30,,1540,4,,,0,100,,1547,4,,,0,70,,1541,4,,,0,30,,1553,4,,,0,70,,1551,4,,,0,30,,1550,4,,,0,70,,1542,4,,,0,30,,1552,4,,,0,100,,1543,4,,,0
800,'c_72082_b_87203_d_31',701,,1565,4,,,0,100,,1577,4,,,0,30,,1566,4,,,0,70,,1563,4,,,0,100,,1581,4,,,0,30,,1578,4,,,0,100,,1582,4,,,0,70,,1579,4,,,0,130,,1580,4,,,0,100,,1586,4,,,0,70,,1584,4,,,0,30,,1583,4,,,0,70,,1575,4,,,0,30,,1585,4,,,0,100,,1576,4,,,0
