21290000,'c_70811_b_87199_d_14',805,,1645,2,,,0,15,,1645,7,,,0,15,,1646,2,,,0,15,,1646,7,,,0
21290000,'c_70811_b_87199_d_31',905,,1647,2,,,0,15,,1647,7,,,0,15,,1657,2,,,0,15,,1657,7,,,0,55,,1658,2,,,0,15,,1658,7,,,0,15,,1659,2,,,0,15,,1659,7,,,0,55,,1660,2,,,0,15,,1660,7,,,0,15,,1661,2,,,0,15,,1661,7,,,0,55,,1662,2,,,0,15,,1662,7,,,0,15,,1663,2,,,0,15,,1663,7,,,0,55,,1664,2,,,0,15,,1664,7,,,0,15,,1648,2,,,0,15,,1648,7,,,0,55,,1649,2,,,0,15,,1649,7,,,0,15,,1650,2,,,0,15,,1650,7,,,0,55,,1651,2,,,0,15,,1651,7,,,0,15,,1652,2,,,0,15,,1652,7,,,0,55,,1653,2,,,0,15,,1653,7,,,0,15,,1654,2,,,0,15,,1654,7,,,0,55,,1655,2,,,0,15,,1655,7,,,0,15,,1656,2,,,0,15,,1656,7,,,0
21290000,'c_70811_b_87199_d_4',1805,,1665,2,,,0,15,,1665,7,,,0,15,,1666,2,,,0,15,,1666,7,,,0,55,,1667,2,,,0,15,,1667,7,,,0,15,,1668,2,,,0,15,,1668,7,,,0,55,,1669,2,,,0,15,,1669,7,,,0,15,,1670,2,,,0,15,,1670,7,,,0
21290000,'c_70811_b_87199_d_8',735,,1675,2,,,0,15,,1675,7,,,0,1055,,1671,2,,,0,15,,1671,7,,,0,15,,1672,2,,,0,15,,1672,7,,,0,55,,1673,2,,,0,15,,1673,7,,,0,15,,1674,2,,,0,15,,1674,7,,,0
21290000,'c_70811_b_87200_d_14',805,,1676,2,,,0,15,,1676,7,,,0,15,,1677,2,,,0,15,,1677,7,,,0
21290000,'c_70811_b_87200_d_31',905,,1678,2,,,0,15,,1678,7,,,0,15,,1688,2,,,0,15,,1688,7,,,0,55,,1689,2,,,0,15,,1689,7,,,0,15,,1690,2,,,0,15,,1690,7,,,0,55,,1691,2,,,0,15,,1691,7,,,0,15,,1692,2,,,0,15,,1692,7,,,0,55,,1693,2,,,0,15,,1693,7,,,0,15,,1694,2,,,0,15,,1694,7,,,0,55,,1695,2,,,0,15,,1695,7,,,0,15,,1679,2,,,0,15,,1679,7,,,0,55,,1680,2,,,0,15,,1680,7,,,0,15,,1681,2,,,0,15,,1681,7,,,0,55,,1682,2,,,0,15,,1682,7,,,0,15,,1683,2,,,0,15,,1683,7,,,0,55,,1684,2,,,0,15,,1684,7,,,0,15,,1685,2,,,0,15,,1685,7,,,0,55,,1686,2,,,0,15,,1686,7,,,0,15,,1687,2,,,0,15,,1687,7,,,0
21290000,'c_70811_b_87200_d_4',1805,,1696,2,,,0,15,,1696,7,,,0,15,,1697,2,,,0,15,,1697,7,,,0,55,,1698,2,,,0,15,,1698,7,,,0,15,,1699,2,,,0,15,,1699,7,,,0,55,,1700,2,,,0,15,,1700,7,,,0,15,,1701,2,,,0,15,,1701,7,,,0
21290000,'c_70811_b_87200_d_8',735,,1706,2,,,0,15,,1706,7,,,0,1055,,1702,2,,,0,15,,1702,7,,,0,15,,1703,2,,,0,15,,1703,7,,,0,55,,1704,2,,,0,15,,1704,7,,,0,15,,1705,2,,,0,15,,1705,7,,,0
21290000,'c_70811_b_87201_d_14',805,,1707,2,,,0,15,,1707,7,,,0,15,,1708,2,,,0,15,,1708,7,,,0
21290000,'c_70811_b_87201_d_31',905,,1709,2,,,0,15,,1709,7,,,0,15,,1719,2,,,0,15,,1719,7,,,0,55,,1720,2,,,0,15,,1720,7,,,0,15,,1721,2,,,0,15,,1721,7,,,0,55,,1722,2,,,0,15,,1722,7,,,0,15,,1723,2,,,0,15,,1723,7,,,0,55,,1724,2,,,0,15,,1724,7,,,0,15,,1725,2,,,0,15,,1725,7,,,0,55,,1726,2,,,0,15,,1726,7,,,0,15,,1710,2,,,0,15,,1710,7,,,0,55,,1711,2,,,0,15,,1711,7,,,0,15,,1712,2,,,0,15,,1712,7,,,0,55,,1713,2,,,0,15,,1713,7,,,0,15,,1714,2,,,0,15,,1714,7,,,0,55,,1715,2,,,0,15,,1715,7,,,0,15,,1716,2,,,0,15,,1716,7,,,0,55,,1717,2,,,0,15,,1717,7,,,0,15,,1718,2,,,0,15,,1718,7,,,0
21290000,'c_70811_b_87201_d_4',1805,,1727,2,,,0,15,,1727,7,,,0,15,,1728,2,,,0,15,,1728,7,,,0,55,,1729,2,,,0,15,,1729,7,,,0,15,,1730,2,,,0,15,,1730,7,,,0,55,,1731,2,,,0,15,,1731,7,,,0,15,,1732,2,,,0,15,,1732,7,,,0
21290000,'c_70811_b_87201_d_8',735,,1737,2,,,0,15,,1737,7,,,0,1055,,1733,2,,,0,15,,1733,7,,,0,15,,1734,2,,,0,15,,1734,7,,,0,55,,1735,2,,,0,15,,1735,7,,,0,15,,1736,2,,,0,15,,1736,7,,,0
