300,'c_71837_b_86637_d_96',752,,854,4,,,0,100,,835,4,,,0,100,,855,4,,,0,100,,836,4,,,0,100,,856,4,,,0,100,,837,4,,,0,100,,857,4,,,0,100,,838,4,,,0,100,,840,4,,,0,100,,839,4,,,0,100,,841,4,,,0,170,,842,4,,,0,200,,843,4,,,0,200,,844,4,,,0
300,'c_71839_b_86639_d_31',747,,882,4,,,0,105,,872,4,,,0,100,,883,4,,,0,100,,873,4,,,0,100,,884,4,,,0,100,,874,4,,,0,100,,885,4,,,0,100,,877,4,,,0,100,,875,4,,,0,100,,878,4,,,0,100,,876,4,,,0,170,,879,4,,,0,200,,880,4,,,0,200,,881,4,,,0
300,'c_72078_b_87195_d_31',747,,1303,4,,,0,105,,1293,4,,,0,100,,1304,4,,,0,100,,1294,4,,,0,100,,1305,4,,,0,100,,1295,4,,,0,100,,1306,4,,,0,100,,1298,4,,,0,100,,1296,4,,,0,100,,1299,4,,,0,100,,1297,4,,,0,170,,1300,4,,,0,200,,1301,4,,,0,200,,1302,4,,,0
300,'c_72079_b_87196_d_32',752,,1327,4,,,0,100,,1317,4,,,0,100,,1328,4,,,0,100,,1318,4,,,0,100,,1329,4,,,0,100,,1319,4,,,0,100,,1330,4,,,0,100,,1320,4,,,0,100,,1322,4,,,0,100,,1321,4,,,0,100,,1323,4,,,0,170,,1324,4,,,0,200,,1325,4,,,0,200,,1326,4,,,0
300,'c_72081_b_87198_d_64',852,,1354,4,,,0,100,,1359,4,,,0,100,,1355,4,,,0,100,,1360,4,,,0,100,,1356,4,,,0,100,,1361,4,,,0,100,,1357,4,,,0,100,,1362,4,,,0,100,,1358,4,,,0,100,,1363,4,,,0
800,'c_71885_b_86774_d_31',657,,1081,4,,,0,70,,1107,4,,,0,30,,1072,4,,,0,70,,1073,4,,,0,30,,1108,4,,,0,70,,1109,4,,,0,30,,1077,4,,,0,70,,1085,4,,,0,30,,1110,4,,,0,70,,1078,4,,,0,30,,1086,4,,,0,70,,1111,4,,,0,30,,1079,4,,,0,70,,1088,4,,,0,30,,1112,4,,,0,70,,1080,4,,,0,30,,1082,4,,,0,70,,1113,4,,,0,30,,1076,4,,,0,70,,1083,4,,,0,30,,1114,4,,,0,70,,1087,4,,,0,30,,1084,4,,,0
800,'c_72080_b_87197_d_31',657,,1530,4,,,0,70,,1554,4,,,0,30,,1519,4,,,0,70,,1520,4,,,0,30,,1555,4,,,0,70,,1556,4,,,0,30,,1526,4,,,0,70,,1534,4,,,0,30,,1557,4,,,0,70,,1527,4,,,0,30,,1535,4,,,0,70,,1558,4,,,0,30,,1528,4,,,0,70,,1537,4,,,0,30,,1559,4,,,0,70,,1529,4,,,0,30,,1531,4,,,0,70,,1560,4,,,0,30,,1523,4,,,0,70,,1532,4,,,0,30,,1561,4,,,0,70,,1536,4,,,0,30,,1533,4,,,0
800,'c_72082_b_87203_d_31',657,,1567,4,,,0,70,,1587,4,,,0,100,,1562,4,,,0,30,,1588,4,,,0,70,,1589,4,,,0,100,,1571,4,,,0,30,,1590,4,,,0,100,,1572,4,,,0,70,,1591,4,,,0,100,,1574,4,,,0,30,,1592,4,,,0,100,,1568,4,,,0,70,,1593,4,,,0,30,,1564,4,,,0,70,,1569,4,,,0,30,,1594,4,,,0,70,,1573,4,,,0,30,,1570,4,,,0
900,'c_71885_b_86774_d_31',607,,1137,4,,,0,20,,1138,4,,,0
900,'c_72080_b_87197_d_31',607,,1635,4,,,0,20,,1636,4,,,0
900,'c_72082_b_87203_d_31',607,,1637,4,,,0,20,,1638,4,,,0
