100,'c_71837_b_86637_d_96',802,,724,20,4,,0,100,,735,20,4,,0,30,,725,20,4,,0,70,,736,20,4,,0,30,,727,20,4,,0,70,,737,20,4,,0,30,,728,20,4,,0,70,,738,20,4,,0,30,,729,20,4,,0,70,,739,20,4,,0,30,,730,20,4,,0,70,,740,20,4,,0,30,,731,20,4,,0,70,,720,20,4,,0,30,,732,20,4,,0,70,,721,20,4,,0,30,,733,20,4,,0,70,,722,20,4,,0,30,,734,20,4,,0,70,,723,20,4,,0,30,,726,20,4,,0,100,,741,20,4,,0,100,,742,20,4,,0,100,,743,20,4,,0,100,,744,20,4,,0,100,,745,20,4,,0
100,'c_71839_b_86639_d_31',732,,772,20,4,,0,70,,746,20,4,,0,30,,773,20,4,,0,70,,747,20,4,,0,30,,757,20,4,,0,70,,748,20,4,,0,30,,759,20,4,,0,70,,749,20,4,,0,30,,760,20,4,,0,70,,750,20,4,,0,30,,761,20,4,,0,70,,751,20,4,,0,30,,762,20,4,,0,70,,752,20,4,,0,30,,763,20,4,,0,70,,753,20,4,,0,30,,764,20,4,,0,70,,754,20,4,,0,30,,765,20,4,,0,70,,755,20,4,,0,30,,766,20,4,,0,70,,756,20,4,,0,30,,758,20,4,,0,100,,767,20,4,,0,100,,768,20,4,,0,100,,769,20,4,,0,100,,770,20,4,,0,100,,771,20,4,,0
100,'c_72078_b_87195_d_31',732,,1168,20,4,,0,70,,1142,20,4,,0,30,,1169,20,4,,0,70,,1143,20,4,,0,30,,1153,20,4,,0,70,,1144,20,4,,0,30,,1155,20,4,,0,70,,1145,20,4,,0,30,,1156,20,4,,0,70,,1146,20,4,,0,30,,1157,20,4,,0,70,,1147,20,4,,0,30,,1158,20,4,,0,70,,1148,20,4,,0,30,,1159,20,4,,0,70,,1149,20,4,,0,30,,1160,20,4,,0,70,,1150,20,4,,0,30,,1161,20,4,,0,70,,1151,20,4,,0,30,,1162,20,4,,0,70,,1152,20,4,,0,30,,1154,20,4,,0,100,,1163,20,4,,0,100,,1164,20,4,,0,100,,1165,20,4,,0,100,,1166,20,4,,0,100,,1167,20,4,,0
100,'c_72079_b_87196_d_32',802,,1174,20,4,,0,100,,1185,20,4,,0,30,,1175,20,4,,0,70,,1186,20,4,,0,30,,1177,20,4,,0,70,,1187,20,4,,0,30,,1178,20,4,,0,70,,1188,20,4,,0,30,,1179,20,4,,0,70,,1189,20,4,,0,30,,1180,20,4,,0,70,,1190,20,4,,0,30,,1181,20,4,,0,70,,1170,20,4,,0,30,,1182,20,4,,0,70,,1171,20,4,,0,30,,1183,20,4,,0,70,,1172,20,4,,0,30,,1184,20,4,,0,70,,1173,20,4,,0,30,,1176,20,4,,0,100,,1191,20,4,,0,100,,1192,20,4,,0,100,,1193,20,4,,0,100,,1194,20,4,,0,100,,1195,20,4,,0
100,'c_72081_b_87198_d_64',932,,1196,20,4,,0,70,,1206,20,4,,0,30,,1198,20,4,,0,70,,1207,20,4,,0,30,,1199,20,4,,0,70,,1208,20,4,,0,30,,1200,20,4,,0,70,,1209,20,4,,0,30,,1201,20,4,,0,70,,1210,20,4,,0,30,,1202,20,4,,0,70,,1211,20,4,,0,30,,1203,20,4,,0,70,,1212,20,4,,0,30,,1204,20,4,,0,70,,1213,20,4,,0,30,,1205,20,4,,0,70,,1214,20,4,,0,30,,1197,20,4,,0
101,'c_71837_b_86637_d_96',703,,789,1,,,0,100,,774,1,,,0,30,,790,1,,,0,70,,775,1,,,0,30,,793,1,,,0,70,,776,1,,,0,30,,794,1,,,0,70,,777,1,,,0,30,,795,1,,,0,70,,778,1,,,0,30,,796,1,,,0,70,,779,1,,,0,30,,797,1,,,0,70,,780,1,,,0,30,,798,1,,,0,70,,781,1,,,0,30,,799,1,,,0,70,,782,1,,,0,30,,800,1,,,0,70,,783,1,,,0,30,,791,1,,,0,70,,784,1,,,0,30,,792,1,,,0,100,,785,1,,,0,100,,786,1,,,0,100,,787,1,,,0,100,,788,1,,,0
101,'c_71839_b_86639_d_31',628,,811,1,,,0,30,,812,1,,,0,75,,821,1,,,0,70,,822,1,,,0,30,,829,1,,,0,70,,823,1,,,0,30,,801,1,,,0,70,,824,1,,,0,30,,803,1,,,0,70,,825,1,,,0,30,,804,1,,,0,70,,826,1,,,0,30,,805,1,,,0,70,,827,1,,,0,30,,806,1,,,0,70,,828,1,,,0,30,,807,1,,,0,70,,813,1,,,0,30,,808,1,,,0,70,,814,1,,,0,30,,809,1,,,0,70,,815,1,,,0,30,,810,1,,,0,70,,816,1,,,0,30,,802,1,,,0,100,,817,1,,,0,100,,818,1,,,0,100,,819,1,,,0,100,,820,1,,,0
101,'c_72078_b_87195_d_31',628,,1229,1,,,0,30,,1230,1,,,0,75,,1235,1,,,0,70,,1236,1,,,0,30,,1243,1,,,0,70,,1237,1,,,0,30,,1215,1,,,0,70,,1238,1,,,0,30,,1217,1,,,0,70,,1239,1,,,0,30,,1218,1,,,0,70,,1240,1,,,0,30,,1219,1,,,0,70,,1241,1,,,0,30,,1220,1,,,0,70,,1242,1,,,0,30,,1221,1,,,0,70,,1231,1,,,0,30,,1222,1,,,0,70,,1232,1,,,0,30,,1223,1,,,0,70,,1233,1,,,0,30,,1224,1,,,0,70,,1234,1,,,0,30,,1216,1,,,0,100,,1225,1,,,0,100,,1226,1,,,0,100,,1227,1,,,0,100,,1228,1,,,0
101,'c_72079_b_87196_d_32',703,,1259,1,,,0,100,,1244,1,,,0,30,,1260,1,,,0,70,,1245,1,,,0,30,,1263,1,,,0,70,,1246,1,,,0,30,,1264,1,,,0,70,,1247,1,,,0,30,,1265,1,,,0,70,,1248,1,,,0,30,,1266,1,,,0,70,,1249,1,,,0,30,,1267,1,,,0,70,,1250,1,,,0,30,,1268,1,,,0,70,,1251,1,,,0,30,,1269,1,,,0,70,,1252,1,,,0,30,,1270,1,,,0,70,,1253,1,,,0,30,,1261,1,,,0,70,,1254,1,,,0,30,,1262,1,,,0,100,,1255,1,,,0,100,,1256,1,,,0,100,,1257,1,,,0,100,,1258,1,,,0
101,'c_72081_b_87198_d_64',903,,1280,1,,,0,30,,1271,1,,,0,70,,1281,1,,,0,30,,1272,1,,,0,70,,1282,1,,,0,30,,1273,1,,,0,70,,1283,1,,,0,30,,1274,1,,,0,70,,1284,1,,,0,30,,1275,1,,,0,70,,1285,1,,,0,30,,1276,1,,,0,70,,1286,1,,,0,30,,1277,1,,,0,70,,1287,1,,,0,30,,1278,1,,,0,70,,1288,1,,,0,30,,1279,1,,,0
