300,'c_71837_b_86637_d_96',735,,848,23,,,0,100,,845,23,,,0,100,,849,23,,,0,100,,846,23,,,0,100,,850,23,,,0,100,,847,23,,,0,100,,851,23,,,0,100,,833,23,,,0,100,,852,23,,,0,100,,834,23,,,0,100,,853,23,,,0,170,,830,23,,,0,200,,831,23,,,0,200,,832,23,,,0
300,'c_71839_b_86639_d_31',730,,865,23,,,0,105,,866,23,,,0,100,,869,23,,,0,100,,867,23,,,0,100,,870,23,,,0,100,,868,23,,,0,100,,871,23,,,0,100,,860,23,,,0,100,,858,23,,,0,100,,861,23,,,0,100,,859,23,,,0,170,,862,23,,,0,200,,863,23,,,0,200,,864,23,,,0
300,'c_72078_b_87195_d_31',730,,1292,23,,,0,105,,1311,23,,,0,100,,1314,23,,,0,100,,1312,23,,,0,100,,1315,23,,,0,100,,1313,23,,,0,100,,1316,23,,,0,100,,1309,23,,,0,100,,1307,23,,,0,100,,1310,23,,,0,100,,1308,23,,,0,170,,1289,23,,,0,200,,1290,23,,,0,200,,1291,23,,,0
300,'c_72079_b_87196_d_32',735,,1339,23,,,0,100,,1336,23,,,0,100,,1340,23,,,0,100,,1337,23,,,0,100,,1341,23,,,0,100,,1338,23,,,0,100,,1342,23,,,0,100,,1334,23,,,0,100,,1343,23,,,0,100,,1335,23,,,0,100,,1344,23,,,0,170,,1331,23,,,0,200,,1332,23,,,0,200,,1333,23,,,0
300,'c_72081_b_87198_d_64',935,,1349,23,,,0,100,,1345,23,,,0,100,,1350,23,,,0,100,,1346,23,,,0,100,,1351,23,,,0,100,,1347,23,,,0,100,,1352,23,,,0,100,,1348,23,,,0,100,,1353,23,,,0
400,'c_71837_b_86637_d_96',903,,933,23,,,0,100,,921,23,,,0,100,,934,23,,,0,100,,922,23,,,0,100,,935,23,,,0,100,,923,23,,,0,100,,936,23,,,0,100,,924,23,,,0,100,,937,23,,,0,100,,925,23,,,0,200,,912,23,,,0,200,,913,23,,,0
400,'c_71839_b_86639_d_31',700,,966,23,,,0,105,,944,23,,,0,100,,942,23,,,0,100,,961,23,,,0,100,,957,23,,,0,100,,962,23,,,0,100,,958,23,,,0,100,,963,23,,,0,100,,959,23,,,0,100,,964,23,,,0,100,,960,23,,,0,100,,965,23,,,0,200,,940,23,,,0,200,,941,23,,,0
400,'c_72078_b_87195_d_31',700,,1428,23,,,0,105,,1405,23,,,0,100,,1403,23,,,0,100,,1422,23,,,0,100,,1418,23,,,0,100,,1423,23,,,0,100,,1419,23,,,0,100,,1424,23,,,0,100,,1420,23,,,0,100,,1425,23,,,0,100,,1421,23,,,0,100,,1426,23,,,0,200,,1401,23,,,0,200,,1402,23,,,0
400,'c_72079_b_87196_d_32',903,,1450,23,,,0,100,,1438,23,,,0,100,,1451,23,,,0,100,,1439,23,,,0,100,,1452,23,,,0,100,,1440,23,,,0,100,,1453,23,,,0,100,,1441,23,,,0,100,,1454,23,,,0,100,,1442,23,,,0,200,,1429,23,,,0,200,,1430,23,,,0
400,'c_72081_b_87198_d_64',1005,,1459,23,,,0,100,,1455,23,,,0,100,,1460,23,,,0,100,,1456,23,,,0,100,,1461,23,,,0,100,,1457,23,,,0,100,,1462,23,,,0,100,,1458,23,,,0,100,,1463,23,,,0
700,'c_71885_b_86774_d_31',1318,,1069,14,,,0,400,,1070,14,,,0
700,'c_72080_b_87197_d_31',1318,,1513,14,,,0,400,,1514,14,,,0
700,'c_72082_b_87203_d_31',1318,,1515,14,,,0,400,,1516,14,,,0
800,'c_71885_b_86774_d_31',714,,1089,11,,,0,30,,1075,11,,,0,70,,1097,11,,,0,30,,1090,11,,,0,70,,1074,11,,,0,30,,1091,11,,,0,70,,1101,11,,,0,30,,1098,11,,,0,70,,1092,11,,,0,30,,1102,11,,,0,70,,1099,11,,,0,30,,1093,11,,,0,100,,1100,11,,,0,70,,1094,11,,,0,30,,1106,11,,,0,70,,1104,11,,,0,30,,1103,11,,,0,70,,1095,11,,,0,30,,1105,11,,,0,100,,1096,11,,,0
800,'c_72080_b_87197_d_31',714,,1524,11,,,0,30,,1522,11,,,0,70,,1544,11,,,0,30,,1525,11,,,0,70,,1521,11,,,0,30,,1538,11,,,0,70,,1548,11,,,0,30,,1545,11,,,0,70,,1539,11,,,0,30,,1549,11,,,0,70,,1546,11,,,0,30,,1540,11,,,0,100,,1547,11,,,0,70,,1541,11,,,0,30,,1553,11,,,0,70,,1551,11,,,0,30,,1550,11,,,0,70,,1542,11,,,0,30,,1552,11,,,0,100,,1543,11,,,0
800,'c_72082_b_87203_d_31',714,,1565,11,,,0,100,,1577,11,,,0,30,,1566,11,,,0,70,,1563,11,,,0,100,,1581,11,,,0,30,,1578,11,,,0,100,,1582,11,,,0,70,,1579,11,,,0,130,,1580,11,,,0,100,,1586,11,,,0,70,,1584,11,,,0,30,,1583,11,,,0,70,,1575,11,,,0,30,,1585,11,,,0,100,,1576,11,,,0
