100,'c_71837_b_86637_d_96',747,,724,2,,,0,100,,735,2,,,0,70,,725,2,,,0,30,,736,2,,,0,70,,727,2,,,0,30,,737,2,,,0,70,,728,2,,,0,30,,738,2,,,0,70,,729,2,,,0,30,,739,2,,,0,70,,730,2,,,0,30,,740,2,,,0,70,,731,2,,,0,30,,720,2,,,0,70,,732,2,,,0,30,,721,2,,,0,70,,733,2,,,0,30,,722,2,,,0,70,,734,2,,,0,30,,723,2,,,0,70,,726,2,,,0,100,,741,2,,,0,100,,742,2,,,0,100,,743,2,,,0,100,,744,2,,,0,100,,745,2,,,0
100,'c_71839_b_86639_d_31',717,,772,2,,,0,30,,746,2,,,0,70,,773,2,,,0,30,,747,2,,,0,70,,757,2,,,0,30,,748,2,,,0,70,,759,2,,,0,30,,749,2,,,0,70,,760,2,,,0,30,,750,2,,,0,70,,761,2,,,0,30,,751,2,,,0,70,,762,2,,,0,30,,752,2,,,0,70,,763,2,,,0,30,,753,2,,,0,70,,764,2,,,0,30,,754,2,,,0,70,,765,2,,,0,30,,755,2,,,0,70,,766,2,,,0,30,,756,2,,,0,70,,758,2,,,0,100,,767,2,,,0,100,,768,2,,,0,100,,769,2,,,0,100,,770,2,,,0,100,,771,2,,,0
100,'c_72078_b_87195_d_31',717,,1168,2,,,0,30,,1142,2,,,0,70,,1169,2,,,0,30,,1143,2,,,0,70,,1153,2,,,0,30,,1144,2,,,0,70,,1155,2,,,0,30,,1145,2,,,0,70,,1156,2,,,0,30,,1146,2,,,0,70,,1157,2,,,0,30,,1147,2,,,0,70,,1158,2,,,0,30,,1148,2,,,0,70,,1159,2,,,0,30,,1149,2,,,0,70,,1160,2,,,0,30,,1150,2,,,0,70,,1161,2,,,0,30,,1151,2,,,0,70,,1162,2,,,0,30,,1152,2,,,0,70,,1154,2,,,0,100,,1163,2,,,0,100,,1164,2,,,0,100,,1165,2,,,0,100,,1166,2,,,0,100,,1167,2,,,0
100,'c_72079_b_87196_d_32',747,,1174,2,,,0,100,,1185,2,,,0,70,,1175,2,,,0,30,,1186,2,,,0,70,,1177,2,,,0,30,,1187,2,,,0,70,,1178,2,,,0,30,,1188,2,,,0,70,,1179,2,,,0,30,,1189,2,,,0,70,,1180,2,,,0,30,,1190,2,,,0,70,,1181,2,,,0,30,,1170,2,,,0,70,,1182,2,,,0,30,,1171,2,,,0,70,,1183,2,,,0,30,,1172,2,,,0,70,,1184,2,,,0,30,,1173,2,,,0,70,,1176,2,,,0,100,,1191,2,,,0,100,,1192,2,,,0,100,,1193,2,,,0,100,,1194,2,,,0,100,,1195,2,,,0
100,'c_72081_b_87198_d_64',917,,1196,2,,,0,30,,1206,2,,,0,70,,1198,2,,,0,30,,1207,2,,,0,70,,1199,2,,,0,30,,1208,2,,,0,70,,1200,2,,,0,30,,1209,2,,,0,70,,1201,2,,,0,30,,1210,2,,,0,70,,1202,2,,,0,30,,1211,2,,,0,70,,1203,2,,,0,30,,1212,2,,,0,70,,1204,2,,,0,30,,1213,2,,,0,70,,1205,2,,,0,30,,1214,2,,,0,70,,1197,2,,,0
300,'c_71837_b_86637_d_96',715,,848,2,,,0,100,,845,2,,,0,100,,849,2,,,0,100,,846,2,,,0,100,,850,2,,,0,100,,847,2,,,0,100,,851,2,,,0,100,,833,2,,,0,100,,852,2,,,0,100,,834,2,,,0,100,,853,2,,,0,130,,830,2,,,0,200,,831,2,,,0,200,,832,2,,,0
300,'c_71839_b_86639_d_31',710,,865,2,,,0,105,,866,2,,,0,100,,869,2,,,0,100,,867,2,,,0,100,,870,2,,,0,100,,868,2,,,0,100,,871,2,,,0,100,,860,2,,,0,100,,858,2,,,0,100,,861,2,,,0,100,,859,2,,,0,130,,862,2,,,0,200,,863,2,,,0,200,,864,2,,,0
300,'c_72078_b_87195_d_31',710,,1292,2,,,0,105,,1311,2,,,0,100,,1314,2,,,0,100,,1312,2,,,0,100,,1315,2,,,0,100,,1313,2,,,0,100,,1316,2,,,0,100,,1309,2,,,0,100,,1307,2,,,0,100,,1310,2,,,0,100,,1308,2,,,0,130,,1289,2,,,0,200,,1290,2,,,0,200,,1291,2,,,0
300,'c_72079_b_87196_d_32',715,,1339,2,,,0,100,,1336,2,,,0,100,,1340,2,,,0,100,,1337,2,,,0,100,,1341,2,,,0,100,,1338,2,,,0,100,,1342,2,,,0,100,,1334,2,,,0,100,,1343,2,,,0,100,,1335,2,,,0,100,,1344,2,,,0,130,,1331,2,,,0,200,,1332,2,,,0,200,,1333,2,,,0
300,'c_72081_b_87198_d_64',915,,1349,2,,,0,100,,1345,2,,,0,100,,1350,2,,,0,100,,1346,2,,,0,100,,1351,2,,,0,100,,1347,2,,,0,100,,1352,2,,,0,100,,1348,2,,,0,100,,1353,2,,,0
400,'c_71837_b_86637_d_96',845,,933,2,,,0,100,,921,2,,,0,100,,934,2,,,0,100,,922,2,,,0,100,,935,2,,,0,100,,923,2,,,0,100,,936,2,,,0,100,,924,2,,,0,100,,937,2,,,0,100,,925,2,,,0,200,,912,2,,,0,200,,913,2,,,0
400,'c_71839_b_86639_d_31',640,,966,2,,,0,105,,944,2,,,0,100,,942,2,,,0,100,,961,2,,,0,100,,957,2,,,0,100,,962,2,,,0,100,,958,2,,,0,100,,963,2,,,0,100,,959,2,,,0,100,,964,2,,,0,100,,960,2,,,0,100,,965,2,,,0,200,,940,2,,,0,200,,941,2,,,0
400,'c_72078_b_87195_d_31',640,,1428,2,,,0,105,,1405,2,,,0,100,,1403,2,,,0,100,,1422,2,,,0,100,,1418,2,,,0,100,,1423,2,,,0,100,,1419,2,,,0,100,,1424,2,,,0,100,,1420,2,,,0,100,,1425,2,,,0,100,,1421,2,,,0,100,,1426,2,,,0,200,,1401,2,,,0,200,,1402,2,,,0
400,'c_72079_b_87196_d_32',845,,1450,2,,,0,100,,1438,2,,,0,100,,1451,2,,,0,100,,1439,2,,,0,100,,1452,2,,,0,100,,1440,2,,,0,100,,1453,2,,,0,100,,1441,2,,,0,100,,1454,2,,,0,100,,1442,2,,,0,200,,1429,2,,,0,200,,1430,2,,,0
400,'c_72081_b_87198_d_64',945,,1459,2,,,0,100,,1455,2,,,0,100,,1460,2,,,0,100,,1456,2,,,0,100,,1461,2,,,0,100,,1457,2,,,0,100,,1462,2,,,0,100,,1458,2,,,0,100,,1463,2,,,0
700,'c_71885_b_86774_d_31',1300,,1069,2,,,0,400,,1070,2,,,0
700,'c_72080_b_87197_d_31',1300,,1513,2,,,0,400,,1514,2,,,0
700,'c_72082_b_87203_d_31',1300,,1515,2,,,0,400,,1516,2,,,0
800,'c_71885_b_86774_d_31',700,,1089,2,,,0,30,,1075,2,,,0,70,,1097,2,,,0,30,,1090,2,,,0,70,,1074,2,,,0,30,,1091,2,,,0,70,,1101,2,,,0,30,,1098,2,,,0,70,,1092,2,,,0,30,,1102,2,,,0,70,,1099,2,,,0,30,,1093,2,,,0,100,,1100,2,,,0,70,,1094,2,,,0,30,,1106,2,,,0,70,,1104,2,,,0,30,,1103,2,,,0,70,,1095,2,,,0,30,,1105,2,,,0,100,,1096,2,,,0
800,'c_72080_b_87197_d_31',700,,1524,2,,,0,30,,1522,2,,,0,70,,1544,2,,,0,30,,1525,2,,,0,70,,1521,2,,,0,30,,1538,2,,,0,70,,1548,2,,,0,30,,1545,2,,,0,70,,1539,2,,,0,30,,1549,2,,,0,70,,1546,2,,,0,30,,1540,2,,,0,100,,1547,2,,,0,70,,1541,2,,,0,30,,1553,2,,,0,70,,1551,2,,,0,30,,1550,2,,,0,70,,1542,2,,,0,30,,1552,2,,,0,100,,1543,2,,,0
800,'c_72082_b_87203_d_31',700,,1565,2,,,0,100,,1577,2,,,0,30,,1566,2,,,0,70,,1563,2,,,0,100,,1581,2,,,0,30,,1578,2,,,0,100,,1582,2,,,0,70,,1579,2,,,0,130,,1580,2,,,0,100,,1586,2,,,0,70,,1584,2,,,0,30,,1583,2,,,0,70,,1575,2,,,0,30,,1585,2,,,0,100,,1576,2,,,0
