300,'c_71837_b_86637_d_96',734,,848,22,,,0,100,,845,22,,,0,100,,849,22,,,0,100,,846,22,,,0,100,,850,22,,,0,100,,847,22,,,0,100,,851,22,,,0,100,,833,22,,,0,100,,852,22,,,0,100,,834,22,,,0,100,,853,22,,,0,170,,830,22,,,0,200,,831,22,,,0,200,,832,22,,,0
300,'c_71839_b_86639_d_31',729,,865,22,,,0,105,,866,22,,,0,100,,869,22,,,0,100,,867,22,,,0,100,,870,22,,,0,100,,868,22,,,0,100,,871,22,,,0,100,,860,22,,,0,100,,858,22,,,0,100,,861,22,,,0,100,,859,22,,,0,170,,862,22,,,0,200,,863,22,,,0,200,,864,22,,,0
300,'c_72078_b_87195_d_31',729,,1292,22,,,0,105,,1311,22,,,0,100,,1314,22,,,0,100,,1312,22,,,0,100,,1315,22,,,0,100,,1313,22,,,0,100,,1316,22,,,0,100,,1309,22,,,0,100,,1307,22,,,0,100,,1310,22,,,0,100,,1308,22,,,0,170,,1289,22,,,0,200,,1290,22,,,0,200,,1291,22,,,0
300,'c_72079_b_87196_d_32',734,,1339,22,,,0,100,,1336,22,,,0,100,,1340,22,,,0,100,,1337,22,,,0,100,,1341,22,,,0,100,,1338,22,,,0,100,,1342,22,,,0,100,,1334,22,,,0,100,,1343,22,,,0,100,,1335,22,,,0,100,,1344,22,,,0,170,,1331,22,,,0,200,,1332,22,,,0,200,,1333,22,,,0
300,'c_72081_b_87198_d_64',934,,1349,22,,,0,100,,1345,22,,,0,100,,1350,22,,,0,100,,1346,22,,,0,100,,1351,22,,,0,100,,1347,22,,,0,100,,1352,22,,,0,100,,1348,22,,,0,100,,1353,22,,,0
400,'c_71837_b_86637_d_96',902,,933,22,,,0,100,,921,22,,,0,100,,934,22,,,0,100,,922,22,,,0,100,,935,22,,,0,100,,923,22,,,0,100,,936,22,,,0,100,,924,22,,,0,100,,937,22,,,0,100,,925,22,,,0,200,,912,22,,,0,200,,913,22,,,0
400,'c_71839_b_86639_d_31',659,,966,22,,,0,145,,944,22,,,0,100,,942,22,,,0,100,,961,22,,,0,100,,957,22,,,0,100,,962,22,,,0,100,,958,22,,,0,100,,963,22,,,0,100,,959,22,,,0,100,,964,22,,,0,100,,960,22,,,0,100,,965,22,,,0,200,,940,22,,,0,200,,941,22,,,0
400,'c_72078_b_87195_d_31',659,,1428,22,,,0,145,,1405,22,,,0,100,,1403,22,,,0,100,,1422,22,,,0,100,,1418,22,,,0,100,,1423,22,,,0,100,,1419,22,,,0,100,,1424,22,,,0,100,,1420,22,,,0,100,,1425,22,,,0,100,,1421,22,,,0,100,,1426,22,,,0,200,,1401,22,,,0,200,,1402,22,,,0
400,'c_72079_b_87196_d_32',902,,1450,22,,,0,100,,1438,22,,,0,100,,1451,22,,,0,100,,1439,22,,,0,100,,1452,22,,,0,100,,1440,22,,,0,100,,1453,22,,,0,100,,1441,22,,,0,100,,1454,22,,,0,100,,1442,22,,,0,200,,1429,22,,,0,200,,1430,22,,,0
400,'c_72081_b_87198_d_64',1004,,1459,22,,,0,100,,1455,22,,,0,100,,1460,22,,,0,100,,1456,22,,,0,100,,1461,22,,,0,100,,1457,22,,,0,100,,1462,22,,,0,100,,1458,22,,,0,100,,1463,22,,,0
700,'c_71885_b_86774_d_31',1318,,1069,13,,,0,400,,1070,13,,,0
700,'c_72080_b_87197_d_31',1318,,1513,13,,,0,400,,1514,13,,,0
700,'c_72082_b_87203_d_31',1318,,1515,13,,,0,400,,1516,13,,,0
800,'c_71885_b_86774_d_31',713,,1089,10,,,0,30,,1075,10,,,0,70,,1097,10,,,0,30,,1090,10,,,0,70,,1074,10,,,0,30,,1091,10,,,0,70,,1101,10,,,0,30,,1098,10,,,0,70,,1092,10,,,0,30,,1102,10,,,0,70,,1099,10,,,0,30,,1093,10,,,0,100,,1100,10,,,0,70,,1094,10,,,0,30,,1106,10,,,0,70,,1104,10,,,0,30,,1103,10,,,0,70,,1095,10,,,0,30,,1105,10,,,0,100,,1096,10,,,0
800,'c_72080_b_87197_d_31',713,,1524,10,,,0,30,,1522,10,,,0,70,,1544,10,,,0,30,,1525,10,,,0,70,,1521,10,,,0,30,,1538,10,,,0,70,,1548,10,,,0,30,,1545,10,,,0,70,,1539,10,,,0,30,,1549,10,,,0,70,,1546,10,,,0,30,,1540,10,,,0,100,,1547,10,,,0,70,,1541,10,,,0,30,,1553,10,,,0,70,,1551,10,,,0,30,,1550,10,,,0,70,,1542,10,,,0,30,,1552,10,,,0,100,,1543,10,,,0
800,'c_72082_b_87203_d_31',713,,1565,10,,,0,100,,1577,10,,,0,30,,1566,10,,,0,70,,1563,10,,,0,100,,1581,10,,,0,30,,1578,10,,,0,100,,1582,10,,,0,70,,1579,10,,,0,130,,1580,10,,,0,100,,1586,10,,,0,70,,1584,10,,,0,30,,1583,10,,,0,70,,1575,10,,,0,30,,1585,10,,,0,100,,1576,10,,,0
