301,'c_71837_b_86637_d_96',829,,887,14,,,0,100,,890,14,,,0,100,,888,14,,,0,100,,891,14,,,0,100,,889,14,,,0,100,,892,14,,,0,100,,886,14,,,0,100,,893,14,,,0,100,,895,14,,,0,100,,894,14,,,0,100,,896,14,,,0,130,,897,14,0,16 13,0,200,,898,14,0,16 13,0
301,'c_71839_b_86639_d_31',829,,900,14,,,0,100,,905,14,,,0,100,,901,14,,,0,100,,906,14,,,0,100,,902,14,,,0,100,,907,14,,,0,100,,899,14,,,0,100,,903,14,,,0,100,,910,14,,,0,100,,904,14,,,0,100,,911,14,,,0,130,,908,14,0,16 13,0,200,,909,14,0,16 13,0
301,'c_72078_b_87195_d_31',829,,1364,14,,,0,100,,1372,14,,,0,100,,1365,14,,,0,100,,1373,14,,,0,100,,1366,14,,,0,100,,1374,14,,,0,100,,1369,14,,,0,100,,1370,14,,,0,100,,1375,14,,,0,100,,1371,14,,,0,100,,1376,14,,,0,130,,1367,14,0,16 13,0,200,,1368,14,0,16 13,0
301,'c_72079_b_87196_d_32',829,,1378,14,,,0,100,,1381,14,,,0,100,,1379,14,,,0,100,,1382,14,,,0,100,,1380,14,,,0,100,,1383,14,,,0,100,,1377,14,,,0,100,,1384,14,,,0,100,,1386,14,,,0,100,,1385,14,,,0,100,,1387,14,,,0,130,,1388,14,0,16 13,0,200,,1389,14,0,16 13,0
301,'c_72081_b_87198_d_64',929,,1394,14,,,0,100,,1390,14,,,0,100,,1395,14,,,0,100,,1391,14,,,0,100,,1396,14,,,0,100,,1392,14,,,0,100,,1397,14,,,0,100,,1393,14,,,0,100,,1398,14,,,0
401,'c_71837_b_86637_d_96',729,,968,14,0,16 13,0,130,,969,14,,,0,100,,974,14,,,0,100,,970,14,,,0,100,,975,14,,,0,100,,971,14,,,0,100,,976,14,,,0,100,,972,14,,,0,100,,977,14,,,0,100,,973,14,,,0,100,,978,14,,,0,100,,981,14,0,16 13,0,200,,979,14,0,16 13,0,200,,980,14,0,16 13,0
401,'c_71839_b_86639_d_31',639,,982,14,,,0,90,,985,14,,,0,30,,983,14,,,0,100,,984,14,,,0,100,,991,14,,,0,100,,986,14,,,0,100,,992,14,,,0,100,,987,14,,,0,100,,993,14,,,0,100,,988,14,,,0,100,,994,14,,,0,100,,989,14,,,0,100,,995,14,,,0,100,,990,14,0,16 13,0,200,,996,14,0,16 13,0,200,,997,14,0,16 13,0
401,'c_72078_b_87195_d_31',639,,1474,14,,,0,90,,1477,14,,,0,30,,1475,14,,,0,100,,1476,14,,,0,100,,1483,14,,,0,100,,1478,14,,,0,100,,1484,14,,,0,100,,1479,14,,,0,100,,1485,14,,,0,100,,1480,14,,,0,100,,1486,14,,,0,100,,1481,14,,,0,100,,1487,14,,,0,100,,1482,14,0,16 13,0,200,,1488,14,0,16 13,0,200,,1489,14,0,16 13,0
401,'c_72079_b_87196_d_32',729,,1490,14,0,16 13,0,130,,1491,14,,,0,100,,1496,14,,,0,100,,1492,14,,,0,100,,1497,14,,,0,100,,1493,14,,,0,100,,1498,14,,,0,100,,1494,14,,,0,100,,1499,14,,,0,100,,1495,14,,,0,100,,1500,14,,,0,100,,1503,14,0,16 13,0,200,,1501,14,0,16 13,0,200,,1502,14,0,16 13,0
401,'c_72081_b_87198_d_64',959,,1509,14,,,0,100,,1504,14,,,0,100,,1510,14,,,0,100,,1505,14,,,0,100,,1511,14,,,0,100,,1506,14,,,0,100,,1512,14,,,0,100,,1507,14,,,0,100,,1508,14,0,16 13,0
