400,'c_71837_b_86637_d_96',654,,914,7,0,5,0,170,,915,7,0,5,0,100,,926,7,0,5,0,100,,916,7,0,5,0,100,,927,7,0,5,0,100,,917,7,0,5,0,100,,928,7,0,5,0,100,,918,7,0,5,0,100,,929,7,0,5,0,100,,919,7,0,5,0,100,,930,7,0,5,0,100,,920,7,0,5,0,200,,931,7,0,5,0,200,,932,7,0,5,0
400,'c_71839_b_86639_d_31',610,,943,7,0,5,0,45,,956,7,0,5,0,65,,967,7,0,5,0,105,,945,7,0,5,0,100,,951,7,0,5,0,100,,946,7,0,5,0,100,,952,7,0,5,0,100,,947,7,0,5,0,100,,953,7,0,5,0,100,,948,7,0,5,0,100,,954,7,0,5,0,100,,949,7,0,5,0,100,,955,7,0,5,0,100,,950,7,0,5,0,200,,938,7,0,5,0,200,,939,7,0,5,0
400,'c_72078_b_87195_d_31',610,,1404,7,0,5,0,45,,1417,7,0,5,0,65,,1427,7,0,5,0,105,,1406,7,0,5,0,100,,1412,7,0,5,0,100,,1407,7,0,5,0,100,,1413,7,0,5,0,100,,1408,7,0,5,0,100,,1414,7,0,5,0,100,,1409,7,0,5,0,100,,1415,7,0,5,0,100,,1410,7,0,5,0,100,,1416,7,0,5,0,100,,1411,7,0,5,0,200,,1399,7,0,5,0,200,,1400,7,0,5,0
400,'c_72079_b_87196_d_32',654,,1431,7,0,5,0,170,,1432,7,0,5,0,100,,1443,7,0,5,0,100,,1433,7,0,5,0,100,,1444,7,0,5,0,100,,1434,7,0,5,0,100,,1445,7,0,5,0,100,,1435,7,0,5,0,100,,1446,7,0,5,0,100,,1436,7,0,5,0,100,,1447,7,0,5,0,100,,1437,7,0,5,0,200,,1448,7,0,5,0,200,,1449,7,0,5,0
400,'c_72081_b_87198_d_64',924,,1469,6,0,5,0,100,,1464,6,0,5,0,100,,1470,6,0,5,0,100,,1465,6,0,5,0,100,,1471,6,0,5,0,100,,1466,6,0,5,0,100,,1472,6,0,5,0,100,,1467,6,0,5,0,100,,1473,6,0,5,0,100,,1468,6,0,5,0
21290000,'c_70811_b_87199_d_14',815,,1645,6,,,0,30,,1646,6,,,0
21290000,'c_70811_b_87199_d_31',915,,1647,6,,,0,30,,1657,6,,,0,70,,1658,6,,,0,30,,1659,6,,,0,70,,1660,6,,,0,30,,1661,6,,,0,70,,1662,6,,,0,30,,1663,6,,,0,70,,1664,6,,,0,30,,1648,6,,,0,70,,1649,6,,,0,30,,1650,6,,,0,70,,1651,6,,,0,30,,1652,6,,,0,70,,1653,6,,,0,30,,1654,6,,,0,70,,1655,6,,,0,30,,1656,6,,,0
21290000,'c_70811_b_87199_d_4',1815,,1665,6,,,0,30,,1666,6,,,0,70,,1667,6,,,0,30,,1668,6,,,0,70,,1669,6,,,0,30,,1670,6,,,0
21290000,'c_70811_b_87199_d_8',745,,1675,6,,,0,1070,,1671,6,,,0,30,,1672,6,,,0,70,,1673,6,,,0,30,,1674,6,,,0
21290000,'c_70811_b_87200_d_14',815,,1676,6,,,0,30,,1677,6,,,0
21290000,'c_70811_b_87200_d_31',915,,1678,6,,,0,30,,1688,6,,,0,70,,1689,6,,,0,30,,1690,6,,,0,70,,1691,6,,,0,30,,1692,6,,,0,70,,1693,6,,,0,30,,1694,6,,,0,70,,1695,6,,,0,30,,1679,6,,,0,70,,1680,6,,,0,30,,1681,6,,,0,70,,1682,6,,,0,30,,1683,6,,,0,70,,1684,6,,,0,30,,1685,6,,,0,70,,1686,6,,,0,30,,1687,6,,,0
21290000,'c_70811_b_87200_d_4',1815,,1696,6,,,0,30,,1697,6,,,0,70,,1698,6,,,0,30,,1699,6,,,0,70,,1700,6,,,0,30,,1701,6,,,0
21290000,'c_70811_b_87200_d_8',745,,1706,6,,,0,1070,,1702,6,,,0,30,,1703,6,,,0,70,,1704,6,,,0,30,,1705,6,,,0
21290000,'c_70811_b_87201_d_14',815,,1707,6,,,0,30,,1708,6,,,0
21290000,'c_70811_b_87201_d_31',915,,1709,6,,,0,30,,1719,6,,,0,70,,1720,6,,,0,30,,1721,6,,,0,70,,1722,6,,,0,30,,1723,6,,,0,70,,1724,6,,,0,30,,1725,6,,,0,70,,1726,6,,,0,30,,1710,6,,,0,70,,1711,6,,,0,30,,1712,6,,,0,70,,1713,6,,,0,30,,1714,6,,,0,70,,1715,6,,,0,30,,1716,6,,,0,70,,1717,6,,,0,30,,1718,6,,,0
21290000,'c_70811_b_87201_d_4',1815,,1727,6,,,0,30,,1728,6,,,0,70,,1729,6,,,0,30,,1730,6,,,0,70,,1731,6,,,0,30,,1732,6,,,0
21290000,'c_70811_b_87201_d_8',745,,1737,6,,,0,1070,,1733,6,,,0,30,,1734,6,,,0,70,,1735,6,,,0,30,,1736,6,,,0
