300,'c_71837_b_86637_d_96',730,,848,18,,,0,100,,845,18,,,0,100,,849,18,,,0,100,,846,18,,,0,100,,850,18,,,0,100,,847,18,,,0,100,,851,18,,,0,100,,833,18,,,0,100,,852,18,,,0,100,,834,18,,,0,100,,853,18,,,0,170,,830,18,,,0,200,,831,18,,,0,200,,832,18,,,0
300,'c_71839_b_86639_d_31',725,,865,18,,,0,105,,866,18,,,0,100,,869,18,,,0,100,,867,18,,,0,100,,870,18,,,0,100,,868,18,,,0,100,,871,18,,,0,100,,860,18,,,0,100,,858,18,,,0,100,,861,18,,,0,100,,859,18,,,0,170,,862,18,,,0,200,,863,18,,,0,200,,864,18,,,0
300,'c_72078_b_87195_d_31',725,,1292,18,,,0,105,,1311,18,,,0,100,,1314,18,,,0,100,,1312,18,,,0,100,,1315,18,,,0,100,,1313,18,,,0,100,,1316,18,,,0,100,,1309,18,,,0,100,,1307,18,,,0,100,,1310,18,,,0,100,,1308,18,,,0,170,,1289,18,,,0,200,,1290,18,,,0,200,,1291,18,,,0
300,'c_72079_b_87196_d_32',730,,1339,18,,,0,100,,1336,18,,,0,100,,1340,18,,,0,100,,1337,18,,,0,100,,1341,18,,,0,100,,1338,18,,,0,100,,1342,18,,,0,100,,1334,18,,,0,100,,1343,18,,,0,100,,1335,18,,,0,100,,1344,18,,,0,170,,1331,18,,,0,200,,1332,18,,,0,200,,1333,18,,,0
300,'c_72081_b_87198_d_64',930,,1349,18,,,0,100,,1345,18,,,0,100,,1350,18,,,0,100,,1346,18,,,0,100,,1351,18,,,0,100,,1347,18,,,0,100,,1352,18,,,0,100,,1348,18,,,0,100,,1353,18,,,0
400,'c_71837_b_86637_d_96',859,,933,18,,,0,100,,921,18,,,0,100,,934,18,,,0,100,,922,18,,,0,100,,935,18,,,0,100,,923,18,,,0,100,,936,18,,,0,100,,924,18,,,0,100,,937,18,,,0,100,,925,18,,,0,200,,912,18,,,0,200,,913,18,,,0
400,'c_71839_b_86639_d_31',655,,966,18,,,0,145,,944,18,,,0,100,,942,18,,,0,100,,961,18,,,0,100,,957,18,,,0,100,,962,18,,,0,100,,958,18,,,0,100,,963,18,,,0,100,,959,18,,,0,100,,964,18,,,0,100,,960,18,,,0,100,,965,18,,,0,200,,940,18,,,0,200,,941,18,,,0
400,'c_72078_b_87195_d_31',655,,1428,18,,,0,145,,1405,18,,,0,100,,1403,18,,,0,100,,1422,18,,,0,100,,1418,18,,,0,100,,1423,18,,,0,100,,1419,18,,,0,100,,1424,18,,,0,100,,1420,18,,,0,100,,1425,18,,,0,100,,1421,18,,,0,100,,1426,18,,,0,200,,1401,18,,,0,200,,1402,18,,,0
400,'c_72079_b_87196_d_32',859,,1450,18,,,0,100,,1438,18,,,0,100,,1451,18,,,0,100,,1439,18,,,0,100,,1452,18,,,0,100,,1440,18,,,0,100,,1453,18,,,0,100,,1441,18,,,0,100,,1454,18,,,0,100,,1442,18,,,0,200,,1429,18,,,0,200,,1430,18,,,0
400,'c_72081_b_87198_d_64',1000,,1459,18,,,0,100,,1455,18,,,0,100,,1460,18,,,0,100,,1456,18,,,0,100,,1461,18,,,0,100,,1457,18,,,0,100,,1462,18,,,0,100,,1458,18,,,0,100,,1463,18,,,0
