300,'c_71837_b_86637_d_96',720,,848,7,,,0,100,,845,7,,,0,100,,849,7,,,0,100,,846,7,,,0,100,,850,7,,,0,100,,847,7,,,0,100,,851,7,,,0,100,,833,7,,,0,100,,852,7,,,0,100,,834,7,,,0,100,,853,7,,,0,130,,830,7,,,0,200,,831,7,,,0,200,,832,7,,,0
300,'c_71839_b_86639_d_31',715,,865,7,,,0,105,,866,7,,,0,100,,869,7,,,0,100,,867,7,,,0,100,,870,7,,,0,100,,868,7,,,0,100,,871,7,,,0,100,,860,7,,,0,100,,858,7,,,0,100,,861,7,,,0,100,,859,7,,,0,130,,862,7,,,0,200,,863,7,,,0,200,,864,7,,,0
300,'c_72078_b_87195_d_31',715,,1292,7,,,0,105,,1311,7,,,0,100,,1314,7,,,0,100,,1312,7,,,0,100,,1315,7,,,0,100,,1313,7,,,0,100,,1316,7,,,0,100,,1309,7,,,0,100,,1307,7,,,0,100,,1310,7,,,0,100,,1308,7,,,0,130,,1289,7,,,0,200,,1290,7,,,0,200,,1291,7,,,0
300,'c_72079_b_87196_d_32',720,,1339,7,,,0,100,,1336,7,,,0,100,,1340,7,,,0,100,,1337,7,,,0,100,,1341,7,,,0,100,,1338,7,,,0,100,,1342,7,,,0,100,,1334,7,,,0,100,,1343,7,,,0,100,,1335,7,,,0,100,,1344,7,,,0,130,,1331,7,,,0,200,,1332,7,,,0,200,,1333,7,,,0
300,'c_72081_b_87198_d_64',920,,1349,7,,,0,100,,1345,7,,,0,100,,1350,7,,,0,100,,1346,7,,,0,100,,1351,7,,,0,100,,1347,7,,,0,100,,1352,7,,,0,100,,1348,7,,,0,100,,1353,7,,,0
400,'c_71837_b_86637_d_96',850,,933,7,,,0,100,,921,7,,,0,100,,934,7,,,0,100,,922,7,,,0,100,,935,7,,,0,100,,923,7,,,0,100,,936,7,,,0,100,,924,7,,,0,100,,937,7,,,0,100,,925,7,,,0,200,,912,7,,,0,200,,913,7,,,0
400,'c_71839_b_86639_d_31',645,,966,7,,,0,105,,944,7,,,0,100,,942,7,,,0,100,,961,7,,,0,100,,957,7,,,0,100,,962,7,,,0,100,,958,7,,,0,100,,963,7,,,0,100,,959,7,,,0,100,,964,7,,,0,100,,960,7,,,0,100,,965,7,,,0,200,,940,7,,,0,200,,941,7,,,0
400,'c_72078_b_87195_d_31',645,,1428,7,,,0,105,,1405,7,,,0,100,,1403,7,,,0,100,,1422,7,,,0,100,,1418,7,,,0,100,,1423,7,,,0,100,,1419,7,,,0,100,,1424,7,,,0,100,,1420,7,,,0,100,,1425,7,,,0,100,,1421,7,,,0,100,,1426,7,,,0,200,,1401,7,,,0,200,,1402,7,,,0
400,'c_72079_b_87196_d_32',850,,1450,7,,,0,100,,1438,7,,,0,100,,1451,7,,,0,100,,1439,7,,,0,100,,1452,7,,,0,100,,1440,7,,,0,100,,1453,7,,,0,100,,1441,7,,,0,100,,1454,7,,,0,100,,1442,7,,,0,200,,1429,7,,,0,200,,1430,7,,,0
400,'c_72081_b_87198_d_64',950,,1459,7,,,0,100,,1455,7,,,0,100,,1460,7,,,0,100,,1456,7,,,0,100,,1461,7,,,0,100,,1457,7,,,0,100,,1462,7,,,0,100,,1458,7,,,0,100,,1463,7,,,0
