300,'c_71837_b_86637_d_96',812,,854,22,4,,0,100,,835,22,4,,0,100,,855,22,4,,0,100,,836,22,4,,0,100,,856,22,4,,0,100,,837,22,4,,0,200,,838,22,4,,0,100,,840,22,4,,0,100,,839,22,4,,0,100,,841,22,4,,0,130,,842,22,4,,0,200,,843,22,4,,0,200,,844,22,4,,0
300,'c_71839_b_86639_d_31',812,,882,22,4,,0,100,,872,22,4,,0,100,,883,22,4,,0,100,,873,22,4,,0,100,,884,22,4,,0,100,,874,22,4,,0,200,,877,22,4,,0,100,,875,22,4,,0,100,,878,22,4,,0,100,,876,22,4,,0,130,,879,22,4,,0,200,,880,22,4,,0,200,,881,22,4,,0
300,'c_72078_b_87195_d_31',812,,1303,22,4,,0,100,,1293,22,4,,0,100,,1304,22,4,,0,100,,1294,22,4,,0,100,,1305,22,4,,0,100,,1295,22,4,,0,200,,1298,22,4,,0,100,,1296,22,4,,0,100,,1299,22,4,,0,100,,1297,22,4,,0,130,,1300,22,4,,0,200,,1301,22,4,,0,200,,1302,22,4,,0
300,'c_72079_b_87196_d_32',812,,1327,22,4,,0,100,,1317,22,4,,0,100,,1328,22,4,,0,100,,1318,22,4,,0,100,,1329,22,4,,0,100,,1319,22,4,,0,200,,1320,22,4,,0,100,,1322,22,4,,0,100,,1321,22,4,,0,100,,1323,22,4,,0,130,,1324,22,4,,0,200,,1325,22,4,,0,200,,1326,22,4,,0
300,'c_72081_b_87198_d_64',912,,1354,22,4,,0,100,,1359,22,4,,0,100,,1355,22,4,,0,100,,1360,22,4,,0,100,,1356,22,4,,0,100,,1361,22,4,,0,100,,1357,22,4,,0,100,,1362,22,4,,0,100,,1358,22,4,,0,100,,1363,22,4,,0
301,'c_71837_b_86637_d_96',815,,887,1,,,0,100,,890,1,,,0,100,,888,1,,,0,100,,891,1,,,0,100,,889,1,,,0,100,,892,1,,,0,100,,886,1,,,0,100,,893,1,,,0,100,,895,1,,,0,100,,894,1,,,0,100,,896,1,,,0,130,,897,1,0,16 13,0,200,,898,1,0,16 13,0
301,'c_71839_b_86639_d_31',815,,900,1,,,0,100,,905,1,,,0,100,,901,1,,,0,100,,906,1,,,0,100,,902,1,,,0,100,,907,1,,,0,100,,899,1,,,0,100,,903,1,,,0,100,,910,1,,,0,100,,904,1,,,0,100,,911,1,,,0,130,,908,1,0,16 13,0,200,,909,1,0,16 13,0
301,'c_72078_b_87195_d_31',815,,1364,1,,,0,100,,1372,1,,,0,100,,1365,1,,,0,100,,1373,1,,,0,100,,1366,1,,,0,100,,1374,1,,,0,100,,1369,1,,,0,100,,1370,1,,,0,100,,1375,1,,,0,100,,1371,1,,,0,100,,1376,1,,,0,130,,1367,1,0,16 13,0,200,,1368,1,0,16 13,0
301,'c_72079_b_87196_d_32',815,,1378,1,,,0,100,,1381,1,,,0,100,,1379,1,,,0,100,,1382,1,,,0,100,,1380,1,,,0,100,,1383,1,,,0,100,,1377,1,,,0,100,,1384,1,,,0,100,,1386,1,,,0,100,,1385,1,,,0,100,,1387,1,,,0,130,,1388,1,0,16 13,0,200,,1389,1,0,16 13,0
301,'c_72081_b_87198_d_64',915,,1394,1,,,0,100,,1390,1,,,0,100,,1395,1,,,0,100,,1391,1,,,0,100,,1396,1,,,0,100,,1392,1,,,0,100,,1397,1,,,0,100,,1393,1,,,0,100,,1398,1,,,0
400,'c_71837_b_86637_d_96',712,,914,24,4,,0,130,,915,24,4,,0,100,,926,24,4,,0,100,,916,24,4,,0,100,,927,24,4,,0,100,,917,24,4,,0,100,,928,24,4,,0,100,,918,24,4,,0,100,,929,24,4,,0,100,,919,24,4,,0,100,,930,24,4,,0,100,,920,24,4,,0,200,,931,24,4,,0,200,,932,24,4,,0
400,'c_71839_b_86639_d_31',623,,943,24,4,,0,89,,956,24,4,,0,25,,967,24,4,,0,105,,945,24,4,,0,100,,951,24,4,,0,100,,946,24,4,,0,100,,952,24,4,,0,100,,947,24,4,,0,100,,953,24,4,,0,100,,948,24,4,,0,100,,954,24,4,,0,100,,949,24,4,,0,100,,955,24,4,,0,100,,950,24,4,,0,200,,938,24,4,,0,200,,939,24,4,,0
400,'c_72078_b_87195_d_31',623,,1404,24,4,,0,89,,1417,24,4,,0,25,,1427,24,4,,0,105,,1406,24,4,,0,100,,1412,24,4,,0,100,,1407,24,4,,0,100,,1413,24,4,,0,100,,1408,24,4,,0,100,,1414,24,4,,0,100,,1409,24,4,,0,100,,1415,24,4,,0,100,,1410,24,4,,0,100,,1416,24,4,,0,100,,1411,24,4,,0,200,,1399,24,4,,0,200,,1400,24,4,,0
400,'c_72079_b_87196_d_32',712,,1431,24,4,,0,130,,1432,24,4,,0,100,,1443,24,4,,0,100,,1433,24,4,,0,100,,1444,24,4,,0,100,,1434,24,4,,0,100,,1445,24,4,,0,100,,1435,24,4,,0,100,,1446,24,4,,0,100,,1436,24,4,,0,100,,1447,24,4,,0,100,,1437,24,4,,0,200,,1448,24,4,,0,200,,1449,24,4,,0
400,'c_72081_b_87198_d_64',942,,1469,23,4,,0,100,,1464,23,4,,0,100,,1470,23,4,,0,100,,1465,23,4,,0,100,,1471,23,4,,0,100,,1466,23,4,,0,100,,1472,23,4,,0,100,,1467,23,4,,0,100,,1473,23,4,,0,100,,1468,23,4,,0
401,'c_71837_b_86637_d_96',715,,968,1,0,16 13,0,130,,969,1,,,0,100,,974,1,,,0,100,,970,1,,,0,100,,975,1,,,0,100,,971,1,,,0,100,,976,1,,,0,100,,972,1,,,0,100,,977,1,,,0,100,,973,1,,,0,100,,978,1,,,0,100,,981,1,0,16 13,0,200,,979,1,0,16 13,0,200,,980,1,0,16 13,0
401,'c_71839_b_86639_d_31',625,,982,1,,,0,90,,985,1,,,0,30,,983,1,,,0,100,,984,1,,,0,100,,991,1,,,0,100,,986,1,,,0,100,,992,1,,,0,100,,987,1,,,0,100,,993,1,,,0,100,,988,1,,,0,100,,994,1,,,0,100,,989,1,,,0,100,,995,1,,,0,100,,990,1,0,16 13,0,200,,996,1,0,16 13,0,200,,997,1,0,16 13,0
401,'c_72078_b_87195_d_31',625,,1474,1,,,0,90,,1477,1,,,0,30,,1475,1,,,0,100,,1476,1,,,0,100,,1483,1,,,0,100,,1478,1,,,0,100,,1484,1,,,0,100,,1479,1,,,0,100,,1485,1,,,0,100,,1480,1,,,0,100,,1486,1,,,0,100,,1481,1,,,0,100,,1487,1,,,0,100,,1482,1,0,16 13,0,200,,1488,1,0,16 13,0,200,,1489,1,0,16 13,0
401,'c_72079_b_87196_d_32',715,,1490,1,0,16 13,0,130,,1491,1,,,0,100,,1496,1,,,0,100,,1492,1,,,0,100,,1497,1,,,0,100,,1493,1,,,0,100,,1498,1,,,0,100,,1494,1,,,0,100,,1499,1,,,0,100,,1495,1,,,0,100,,1500,1,,,0,100,,1503,1,0,16 13,0,200,,1501,1,0,16 13,0,200,,1502,1,0,16 13,0
401,'c_72081_b_87198_d_64',945,,1509,1,,,0,100,,1504,1,,,0,100,,1510,1,,,0,100,,1505,1,,,0,100,,1511,1,,,0,100,,1506,1,,,0,100,,1512,1,,,0,100,,1507,1,,,0,100,,1508,1,0,16 13,0
