300,'c_71837_b_86637_d_96',755,,854,7,0,5,0,100,,835,7,0,5,0,100,,855,7,0,5,0,100,,836,7,0,5,0,100,,856,7,0,5,0,100,,837,7,0,5,0,100,,857,7,0,5,0,100,,838,7,0,5,0,100,,840,7,0,5,0,100,,839,7,0,5,0,100,,841,7,0,5,0,170,,842,7,0,5,0,200,,843,7,0,5,0,200,,844,7,0,5,0
300,'c_71839_b_86639_d_31',750,,882,7,0,5,0,105,,872,7,0,5,0,100,,883,7,0,5,0,100,,873,7,0,5,0,100,,884,7,0,5,0,100,,874,7,0,5,0,100,,885,7,0,5,0,100,,877,7,0,5,0,100,,875,7,0,5,0,100,,878,7,0,5,0,100,,876,7,0,5,0,170,,879,7,0,5,0,200,,880,7,0,5,0,200,,881,7,0,5,0
300,'c_72078_b_87195_d_31',750,,1303,7,0,5,0,105,,1293,7,0,5,0,100,,1304,7,0,5,0,100,,1294,7,0,5,0,100,,1305,7,0,5,0,100,,1295,7,0,5,0,100,,1306,7,0,5,0,100,,1298,7,0,5,0,100,,1296,7,0,5,0,100,,1299,7,0,5,0,100,,1297,7,0,5,0,170,,1300,7,0,5,0,200,,1301,7,0,5,0,200,,1302,7,0,5,0
300,'c_72079_b_87196_d_32',755,,1327,7,0,5,0,100,,1317,7,0,5,0,100,,1328,7,0,5,0,100,,1318,7,0,5,0,100,,1329,7,0,5,0,100,,1319,7,0,5,0,100,,1330,7,0,5,0,100,,1320,7,0,5,0,100,,1322,7,0,5,0,100,,1321,7,0,5,0,100,,1323,7,0,5,0,170,,1324,7,0,5,0,200,,1325,7,0,5,0,200,,1326,7,0,5,0
300,'c_72081_b_87198_d_64',855,,1354,7,0,5,0,100,,1359,7,0,5,0,100,,1355,7,0,5,0,100,,1360,7,0,5,0,100,,1356,7,0,5,0,100,,1361,7,0,5,0,100,,1357,7,0,5,0,100,,1362,7,0,5,0,100,,1358,7,0,5,0,100,,1363,7,0,5,0
800,'c_71885_b_86774_d_31',700,,1081,7,,,0,30,,1107,7,,,0,70,,1072,7,,,0,30,,1073,7,0,5 6,0,70,,1108,7,,,0,30,,1109,7,,,0,70,,1077,7,,,0,30,,1085,7,,,0,70,,1110,7,,,0,30,,1078,7,,,0,70,,1086,7,,,0,30,,1111,7,,,0,70,,1079,7,,,0,30,,1088,7,,,0,70,,1112,7,,,0,30,,1080,7,,,0,70,,1082,7,,,0,30,,1113,7,,,0,70,,1076,7,,,0,30,,1083,7,,,0,70,,1114,7,,,0,30,,1087,7,,,0,70,,1084,7,,,0
800,'c_72080_b_87197_d_31',700,,1530,7,,,0,30,,1554,7,,,0,70,,1519,7,,,0,30,,1520,7,0,5 6,0,70,,1555,7,,,0,30,,1556,7,,,0,70,,1526,7,,,0,30,,1534,7,,,0,70,,1557,7,,,0,30,,1527,7,,,0,70,,1535,7,,,0,30,,1558,7,,,0,70,,1528,7,,,0,30,,1537,7,,,0,70,,1559,7,,,0,30,,1529,7,,,0,70,,1531,7,,,0,30,,1560,7,,,0,70,,1523,7,,,0,30,,1532,7,,,0,70,,1561,7,,,0,30,,1536,7,,,0,70,,1533,7,,,0
800,'c_72082_b_87203_d_31',700,,1567,7,,,0,30,,1587,7,,,0,100,,1562,7,0,5 6,0,70,,1588,7,,,0,30,,1589,7,,,0,100,,1571,7,,,0,70,,1590,7,,,0,100,,1572,7,,,0,30,,1591,7,,,0,100,,1574,7,,,0,70,,1592,7,,,0,100,,1568,7,,,0,30,,1593,7,,,0,70,,1564,7,,,0,30,,1569,7,,,0,70,,1594,7,,,0,30,,1573,7,,,0,70,,1570,7,,,0
900,'c_71885_b_86774_d_31',610,,1137,7,0,7 14 8,0,20,,1138,7,,,0
900,'c_72080_b_87197_d_31',610,,1635,7,0,7 14 8,0,20,,1636,7,,,0
900,'c_72082_b_87203_d_31',610,,1637,7,0,7 14 8,0,20,,1638,7,,,0
