300,'c_71837_b_86637_d_96',729,,848,17,,,0,100,,845,17,,,0,100,,849,17,,,0,100,,846,17,,,0,100,,850,17,,,0,100,,847,17,,,0,100,,851,17,,,0,100,,833,17,,,0,100,,852,17,,,0,100,,834,17,,,0,100,,853,17,,,0,130,,830,17,,,0,200,,831,17,,,0,200,,832,17,,,0
300,'c_71839_b_86639_d_31',724,,865,17,,,0,105,,866,17,,,0,100,,869,17,,,0,100,,867,17,,,0,100,,870,17,,,0,100,,868,17,,,0,100,,871,17,,,0,100,,860,17,,,0,100,,858,17,,,0,100,,861,17,,,0,100,,859,17,,,0,130,,862,17,,,0,200,,863,17,,,0,200,,864,17,,,0
300,'c_72078_b_87195_d_31',724,,1292,17,,,0,105,,1311,17,,,0,100,,1314,17,,,0,100,,1312,17,,,0,100,,1315,17,,,0,100,,1313,17,,,0,100,,1316,17,,,0,100,,1309,17,,,0,100,,1307,17,,,0,100,,1310,17,,,0,100,,1308,17,,,0,130,,1289,17,,,0,200,,1290,17,,,0,200,,1291,17,,,0
300,'c_72079_b_87196_d_32',729,,1339,17,,,0,100,,1336,17,,,0,100,,1340,17,,,0,100,,1337,17,,,0,100,,1341,17,,,0,100,,1338,17,,,0,100,,1342,17,,,0,100,,1334,17,,,0,100,,1343,17,,,0,100,,1335,17,,,0,100,,1344,17,,,0,130,,1331,17,,,0,200,,1332,17,,,0,200,,1333,17,,,0
300,'c_72081_b_87198_d_64',929,,1349,17,,,0,100,,1345,17,,,0,100,,1350,17,,,0,100,,1346,17,,,0,100,,1351,17,,,0,100,,1347,17,,,0,100,,1352,17,,,0,100,,1348,17,,,0,100,,1353,17,,,0
301,'c_71837_b_86637_d_96',830,,887,15,,,0,100,,890,15,,,0,100,,888,15,,,0,100,,891,15,,,0,100,,889,15,,,0,100,,892,15,,,0,100,,886,15,,,0,100,,893,15,,,0,100,,895,15,,,0,100,,894,15,,,0,100,,896,15,,,0,170,,897,15,0,16 13,0,200,,898,15,0,16 13,0
301,'c_71839_b_86639_d_31',830,,900,15,,,0,100,,905,15,,,0,100,,901,15,,,0,100,,906,15,,,0,100,,902,15,,,0,100,,907,15,,,0,100,,899,15,,,0,100,,903,15,,,0,100,,910,15,,,0,100,,904,15,,,0,100,,911,15,,,0,170,,908,15,0,16 13,0,200,,909,15,0,16 13,0
301,'c_72078_b_87195_d_31',830,,1364,15,,,0,100,,1372,15,,,0,100,,1365,15,,,0,100,,1373,15,,,0,100,,1366,15,,,0,100,,1374,15,,,0,100,,1369,15,,,0,100,,1370,15,,,0,100,,1375,15,,,0,100,,1371,15,,,0,100,,1376,15,,,0,170,,1367,15,0,16 13,0,200,,1368,15,0,16 13,0
301,'c_72079_b_87196_d_32',830,,1378,15,,,0,100,,1381,15,,,0,100,,1379,15,,,0,100,,1382,15,,,0,100,,1380,15,,,0,100,,1383,15,,,0,100,,1377,15,,,0,100,,1384,15,,,0,100,,1386,15,,,0,100,,1385,15,,,0,100,,1387,15,,,0,170,,1388,15,0,16 13,0,200,,1389,15,0,16 13,0
301,'c_72081_b_87198_d_64',930,,1394,15,,,0,100,,1390,15,,,0,100,,1395,15,,,0,100,,1391,15,,,0,100,,1396,15,,,0,100,,1392,15,,,0,100,,1397,15,,,0,100,,1393,15,,,0,100,,1398,15,,,0
400,'c_71837_b_86637_d_96',859,,933,17,,,0,100,,921,17,,,0,100,,934,17,,,0,100,,922,17,,,0,100,,935,17,,,0,100,,923,17,,,0,100,,936,17,,,0,100,,924,17,,,0,100,,937,17,,,0,100,,925,17,,,0,200,,912,17,,,0,200,,913,17,,,0
400,'c_71839_b_86639_d_31',654,,966,17,,,0,105,,944,17,,,0,100,,942,17,,,0,100,,961,17,,,0,100,,957,17,,,0,100,,962,17,,,0,100,,958,17,,,0,100,,963,17,,,0,100,,959,17,,,0,100,,964,17,,,0,100,,960,17,,,0,100,,965,17,,,0,200,,940,17,,,0,200,,941,17,,,0
400,'c_72078_b_87195_d_31',654,,1428,17,,,0,105,,1405,17,,,0,100,,1403,17,,,0,100,,1422,17,,,0,100,,1418,17,,,0,100,,1423,17,,,0,100,,1419,17,,,0,100,,1424,17,,,0,100,,1420,17,,,0,100,,1425,17,,,0,100,,1421,17,,,0,100,,1426,17,,,0,200,,1401,17,,,0,200,,1402,17,,,0
400,'c_72079_b_87196_d_32',859,,1450,17,,,0,100,,1438,17,,,0,100,,1451,17,,,0,100,,1439,17,,,0,100,,1452,17,,,0,100,,1440,17,,,0,100,,1453,17,,,0,100,,1441,17,,,0,100,,1454,17,,,0,100,,1442,17,,,0,200,,1429,17,,,0,200,,1430,17,,,0
400,'c_72081_b_87198_d_64',959,,1459,17,,,0,100,,1455,17,,,0,100,,1460,17,,,0,100,,1456,17,,,0,100,,1461,17,,,0,100,,1457,17,,,0,100,,1462,17,,,0,100,,1458,17,,,0,100,,1463,17,,,0
401,'c_71837_b_86637_d_96',730,,968,15,0,16 13,0,170,,969,15,,,0,100,,974,15,,,0,100,,970,15,,,0,100,,975,15,,,0,100,,971,15,,,0,100,,976,15,,,0,100,,972,15,,,0,100,,977,15,,,0,100,,973,15,,,0,100,,978,15,,,0,100,,981,15,0,16 13,0,200,,979,15,0,16 13,0,200,,980,15,0,16 13,0
401,'c_71839_b_86639_d_31',640,,982,15,,,0,90,,985,15,,,0,70,,983,15,,,0,100,,984,15,,,0,100,,991,15,,,0,100,,986,15,,,0,100,,992,15,,,0,100,,987,15,,,0,100,,993,15,,,0,100,,988,15,,,0,100,,994,15,,,0,100,,989,15,,,0,100,,995,15,,,0,100,,990,15,0,16 13,0,200,,996,15,0,16 13,0,200,,997,15,0,16 13,0
401,'c_72078_b_87195_d_31',640,,1474,15,,,0,90,,1477,15,,,0,70,,1475,15,,,0,100,,1476,15,,,0,100,,1483,15,,,0,100,,1478,15,,,0,100,,1484,15,,,0,100,,1479,15,,,0,100,,1485,15,,,0,100,,1480,15,,,0,100,,1486,15,,,0,100,,1481,15,,,0,100,,1487,15,,,0,100,,1482,15,0,16 13,0,200,,1488,15,0,16 13,0,200,,1489,15,0,16 13,0
401,'c_72079_b_87196_d_32',730,,1490,15,0,16 13,0,170,,1491,15,,,0,100,,1496,15,,,0,100,,1492,15,,,0,100,,1497,15,,,0,100,,1493,15,,,0,100,,1498,15,,,0,100,,1494,15,,,0,100,,1499,15,,,0,100,,1495,15,,,0,100,,1500,15,,,0,100,,1503,15,0,16 13,0,200,,1501,15,0,16 13,0,200,,1502,15,0,16 13,0
401,'c_72081_b_87198_d_64',1000,,1509,15,,,0,100,,1504,15,,,0,100,,1510,15,,,0,100,,1505,15,,,0,100,,1511,15,,,0,100,,1506,15,,,0,100,,1512,15,,,0,100,,1507,15,,,0,100,,1508,15,0,16 13,0
