301,'c_71837_b_86637_d_96',826,,887,11,,,0,100,,890,11,,,0,100,,888,11,,,0,100,,891,11,,,0,100,,889,11,,,0,100,,892,11,,,0,100,,886,11,,,0,100,,893,11,,,0,100,,895,11,,,0,100,,894,11,,,0,100,,896,11,,,0,130,,897,11,0,16 13,0,200,,898,11,0,16 13,0
301,'c_71839_b_86639_d_31',826,,900,11,,,0,100,,905,11,,,0,100,,901,11,,,0,100,,906,11,,,0,100,,902,11,,,0,100,,907,11,,,0,100,,899,11,,,0,100,,903,11,,,0,100,,910,11,,,0,100,,904,11,,,0,100,,911,11,,,0,130,,908,11,0,16 13,0,200,,909,11,0,16 13,0
301,'c_72078_b_87195_d_31',826,,1364,11,,,0,100,,1372,11,,,0,100,,1365,11,,,0,100,,1373,11,,,0,100,,1366,11,,,0,100,,1374,11,,,0,100,,1369,11,,,0,100,,1370,11,,,0,100,,1375,11,,,0,100,,1371,11,,,0,100,,1376,11,,,0,130,,1367,11,0,16 13,0,200,,1368,11,0,16 13,0
301,'c_72079_b_87196_d_32',826,,1378,11,,,0,100,,1381,11,,,0,100,,1379,11,,,0,100,,1382,11,,,0,100,,1380,11,,,0,100,,1383,11,,,0,100,,1377,11,,,0,100,,1384,11,,,0,100,,1386,11,,,0,100,,1385,11,,,0,100,,1387,11,,,0,130,,1388,11,0,16 13,0,200,,1389,11,0,16 13,0
301,'c_72081_b_87198_d_64',926,,1394,11,,,0,100,,1390,11,,,0,100,,1395,11,,,0,100,,1391,11,,,0,100,,1396,11,,,0,100,,1392,11,,,0,100,,1397,11,,,0,100,,1393,11,,,0,100,,1398,11,,,0
401,'c_71837_b_86637_d_96',726,,968,11,0,16 13,0,130,,969,11,,,0,100,,974,11,,,0,100,,970,11,,,0,100,,975,11,,,0,100,,971,11,,,0,100,,976,11,,,0,100,,972,11,,,0,100,,977,11,,,0,100,,973,11,,,0,100,,978,11,,,0,100,,981,11,0,16 13,0,200,,979,11,0,16 13,0,200,,980,11,0,16 13,0
401,'c_71839_b_86639_d_31',636,,982,11,,,0,90,,985,11,,,0,30,,983,11,,,0,100,,984,11,,,0,100,,991,11,,,0,100,,986,11,,,0,100,,992,11,,,0,100,,987,11,,,0,100,,993,11,,,0,100,,988,11,,,0,100,,994,11,,,0,100,,989,11,,,0,100,,995,11,,,0,100,,990,11,0,16 13,0,200,,996,11,0,16 13,0,200,,997,11,0,16 13,0
401,'c_72078_b_87195_d_31',636,,1474,11,,,0,90,,1477,11,,,0,30,,1475,11,,,0,100,,1476,11,,,0,100,,1483,11,,,0,100,,1478,11,,,0,100,,1484,11,,,0,100,,1479,11,,,0,100,,1485,11,,,0,100,,1480,11,,,0,100,,1486,11,,,0,100,,1481,11,,,0,100,,1487,11,,,0,100,,1482,11,0,16 13,0,200,,1488,11,0,16 13,0,200,,1489,11,0,16 13,0
401,'c_72079_b_87196_d_32',726,,1490,11,0,16 13,0,130,,1491,11,,,0,100,,1496,11,,,0,100,,1492,11,,,0,100,,1497,11,,,0,100,,1493,11,,,0,100,,1498,11,,,0,100,,1494,11,,,0,100,,1499,11,,,0,100,,1495,11,,,0,100,,1500,11,,,0,100,,1503,11,0,16 13,0,200,,1501,11,0,16 13,0,200,,1502,11,0,16 13,0
401,'c_72081_b_87198_d_64',956,,1509,11,,,0,100,,1504,11,,,0,100,,1510,11,,,0,100,,1505,11,,,0,100,,1511,11,,,0,100,,1506,11,,,0,100,,1512,11,,,0,100,,1507,11,,,0,100,,1508,11,0,16 13,0
701,'c_71885_b_86774_d_31',658,,1071,11,,,0
701,'c_72080_b_87197_d_31',658,,1517,11,,,0
701,'c_72082_b_87203_d_31',658,,1518,11,,,0
801,'c_71885_b_86774_d_31',724,,1117,7,,,0,30,,1115,7,,,0,70,,1116,7,,,0,30,,1118,7,,,0,70,,1125,7,,,0,30,,1122,7,,,0,70,,1119,7,,,0,30,,1126,7,,,0,70,,1123,7,,,0,30,,1120,7,,,0,70,,1127,7,,,0,30,,1124,7,,,0,70,,1121,7,,,0,30,,1128,7,,,0,70,,1136,7,,,0,30,,1131,7,,,0,70,,1129,7,,,0,30,,1134,7,,,0,70,,1132,7,,,0,30,,1130,7,,,0,70,,1135,7,,,0,30,,1133,7,,,0
801,'c_72080_b_87197_d_31',724,,1597,7,,,0,30,,1595,7,,,0,70,,1596,7,,,0,30,,1598,7,,,0,70,,1605,7,,,0,30,,1602,7,,,0,70,,1599,7,,,0,30,,1606,7,,,0,70,,1603,7,,,0,30,,1600,7,,,0,70,,1607,7,,,0,30,,1604,7,,,0,70,,1601,7,,,0,30,,1608,7,,,0,70,,1616,7,,,0,30,,1611,7,,,0,70,,1609,7,,,0,30,,1614,7,,,0,70,,1612,7,,,0,30,,1610,7,,,0,70,,1615,7,,,0,30,,1613,7,,,0
801,'c_72082_b_87203_d_31',724,,1618,7,,,0,30,,1617,7,,,0,100,,1619,7,,,0,70,,1623,7,,,0,30,,1620,7,,,0,100,,1624,7,,,0,70,,1621,7,,,0,100,,1625,7,,,0,30,,1622,7,,,0,100,,1626,7,,,0,70,,1634,7,,,0,30,,1629,7,,,0,70,,1627,7,,,0,30,,1632,7,,,0,70,,1630,7,,,0,30,,1628,7,,,0,70,,1633,7,,,0,30,,1631,7,,,0
