101,'c_71837_b_86637_d_96',713,,789,15,,,0,100,,774,15,,,0,30,,790,15,,,0,70,,775,15,,,0,30,,793,15,,,0,70,,776,15,,,0,30,,794,15,,,0,70,,777,15,,,0,30,,795,15,,,0,70,,778,15,,,0,30,,796,15,,,0,70,,779,15,,,0,30,,797,15,,,0,70,,780,15,,,0,30,,798,15,,,0,70,,781,15,,,0,30,,799,15,,,0,70,,782,15,,,0,30,,800,15,,,0,70,,783,15,,,0,30,,791,15,,,0,70,,784,15,,,0,30,,792,15,,,0,100,,785,15,,,0,100,,786,15,,,0,100,,787,15,,,0,100,,788,15,,,0
101,'c_71839_b_86639_d_31',638,,811,15,,,0,70,,812,15,,,0,35,,821,15,,,0,70,,822,15,,,0,30,,829,15,,,0,70,,823,15,,,0,30,,801,15,,,0,70,,824,15,,,0,30,,803,15,,,0,70,,825,15,,,0,30,,804,15,,,0,70,,826,15,,,0,30,,805,15,,,0,70,,827,15,,,0,30,,806,15,,,0,70,,828,15,,,0,30,,807,15,,,0,70,,813,15,,,0,30,,808,15,,,0,70,,814,15,,,0,30,,809,15,,,0,70,,815,15,,,0,30,,810,15,,,0,70,,816,15,,,0,30,,802,15,,,0,100,,817,15,,,0,100,,818,15,,,0,100,,819,15,,,0,100,,820,15,,,0
101,'c_72078_b_87195_d_31',638,,1229,15,,,0,70,,1230,15,,,0,35,,1235,15,,,0,70,,1236,15,,,0,30,,1243,15,,,0,70,,1237,15,,,0,30,,1215,15,,,0,70,,1238,15,,,0,30,,1217,15,,,0,70,,1239,15,,,0,30,,1218,15,,,0,70,,1240,15,,,0,30,,1219,15,,,0,70,,1241,15,,,0,30,,1220,15,,,0,70,,1242,15,,,0,30,,1221,15,,,0,70,,1231,15,,,0,30,,1222,15,,,0,70,,1232,15,,,0,30,,1223,15,,,0,70,,1233,15,,,0,30,,1224,15,,,0,70,,1234,15,,,0,30,,1216,15,,,0,100,,1225,15,,,0,100,,1226,15,,,0,100,,1227,15,,,0,100,,1228,15,,,0
101,'c_72079_b_87196_d_32',713,,1259,15,,,0,100,,1244,15,,,0,30,,1260,15,,,0,70,,1245,15,,,0,30,,1263,15,,,0,70,,1246,15,,,0,30,,1264,15,,,0,70,,1247,15,,,0,30,,1265,15,,,0,70,,1248,15,,,0,30,,1266,15,,,0,70,,1249,15,,,0,30,,1267,15,,,0,70,,1250,15,,,0,30,,1268,15,,,0,70,,1251,15,,,0,30,,1269,15,,,0,70,,1252,15,,,0,30,,1270,15,,,0,70,,1253,15,,,0,30,,1261,15,,,0,70,,1254,15,,,0,30,,1262,15,,,0,100,,1255,15,,,0,100,,1256,15,,,0,100,,1257,15,,,0,100,,1258,15,,,0
101,'c_72081_b_87198_d_64',913,,1280,15,,,0,30,,1271,15,,,0,70,,1281,15,,,0,30,,1272,15,,,0,70,,1282,15,,,0,30,,1273,15,,,0,70,,1283,15,,,0,30,,1274,15,,,0,70,,1284,15,,,0,30,,1275,15,,,0,70,,1285,15,,,0,30,,1276,15,,,0,70,,1286,15,,,0,30,,1277,15,,,0,70,,1287,15,,,0,30,,1278,15,,,0,70,,1288,15,,,0,30,,1279,15,,,0
301,'c_71837_b_86637_d_96',844,,887,27,,,0,100,,890,27,,,0,100,,888,27,,,0,100,,891,27,,,0,100,,889,27,,,0,100,,892,27,,,0,100,,886,27,,,0,100,,893,27,,,0,100,,895,27,,,0,100,,894,27,,,0,100,,896,27,,,0,170,,897,27,0,16 13,0,200,,898,27,0,16 13,0
301,'c_71839_b_86639_d_31',844,,900,27,,,0,100,,905,27,,,0,100,,901,27,,,0,100,,906,27,,,0,100,,902,27,,,0,100,,907,27,,,0,100,,899,27,,,0,100,,903,27,,,0,100,,910,27,,,0,100,,904,27,,,0,100,,911,27,,,0,170,,908,27,0,16 13,0,200,,909,27,0,16 13,0
301,'c_72078_b_87195_d_31',844,,1364,27,,,0,100,,1372,27,,,0,100,,1365,27,,,0,100,,1373,27,,,0,100,,1366,27,,,0,100,,1374,27,,,0,100,,1369,27,,,0,100,,1370,27,,,0,100,,1375,27,,,0,100,,1371,27,,,0,100,,1376,27,,,0,170,,1367,27,0,16 13,0,200,,1368,27,0,16 13,0
301,'c_72079_b_87196_d_32',844,,1378,27,,,0,100,,1381,27,,,0,100,,1379,27,,,0,100,,1382,27,,,0,100,,1380,27,,,0,100,,1383,27,,,0,100,,1377,27,,,0,100,,1384,27,,,0,100,,1386,27,,,0,100,,1385,27,,,0,100,,1387,27,,,0,170,,1388,27,0,16 13,0,200,,1389,27,0,16 13,0
301,'c_72081_b_87198_d_64',944,,1394,27,,,0,100,,1390,27,,,0,100,,1395,27,,,0,100,,1391,27,,,0,100,,1396,27,,,0,100,,1392,27,,,0,100,,1397,27,,,0,100,,1393,27,,,0,100,,1398,27,,,0
401,'c_71837_b_86637_d_96',743,,968,27,0,16 13,0,170,,969,27,,,0,100,,974,27,,,0,100,,970,27,,,0,100,,975,27,,,0,100,,971,27,,,0,100,,976,27,,,0,100,,972,27,,,0,100,,977,27,,,0,100,,973,27,,,0,100,,978,27,,,0,100,,981,27,0,16 13,0,200,,979,27,0,16 13,0,200,,980,27,0,16 13,0
401,'c_71839_b_86639_d_31',654,,982,27,,,0,90,,985,27,,,0,70,,983,27,,,0,100,,984,27,,,0,100,,991,27,,,0,100,,986,27,,,0,100,,992,27,,,0,100,,987,27,,,0,100,,993,27,,,0,100,,988,27,,,0,100,,994,27,,,0,100,,989,27,,,0,100,,995,27,,,0,100,,990,27,0,16 13,0,200,,996,27,0,16 13,0,200,,997,27,0,16 13,0
401,'c_72078_b_87195_d_31',654,,1474,27,,,0,90,,1477,27,,,0,70,,1475,27,,,0,100,,1476,27,,,0,100,,1483,27,,,0,100,,1478,27,,,0,100,,1484,27,,,0,100,,1479,27,,,0,100,,1485,27,,,0,100,,1480,27,,,0,100,,1486,27,,,0,100,,1481,27,,,0,100,,1487,27,,,0,100,,1482,27,0,16 13,0,200,,1488,27,0,16 13,0,200,,1489,27,0,16 13,0
401,'c_72079_b_87196_d_32',743,,1490,27,0,16 13,0,170,,1491,27,,,0,100,,1496,27,,,0,100,,1492,27,,,0,100,,1497,27,,,0,100,,1493,27,,,0,100,,1498,27,,,0,100,,1494,27,,,0,100,,1499,27,,,0,100,,1495,27,,,0,100,,1500,27,,,0,100,,1503,27,0,16 13,0,200,,1501,27,0,16 13,0,200,,1502,27,0,16 13,0
401,'c_72081_b_87198_d_64',1014,,1509,27,,,0,100,,1504,27,,,0,100,,1510,27,,,0,100,,1505,27,,,0,100,,1511,27,,,0,100,,1506,27,,,0,100,,1512,27,,,0,100,,1507,27,,,0,100,,1508,27,0,16 13,0
701,'c_71885_b_86774_d_31',714,,1071,19,,,0
701,'c_72080_b_87197_d_31',714,,1517,19,,,0
701,'c_72082_b_87203_d_31',714,,1518,19,,,0
801,'c_71885_b_86774_d_31',736,,1117,12,,,0,70,,1115,12,,,0,30,,1116,12,,,0,70,,1118,12,,,0,30,,1125,12,,,0,70,,1122,12,,,0,30,,1119,12,,,0,70,,1126,12,,,0,30,,1123,12,,,0,70,,1120,12,,,0,30,,1127,12,,,0,70,,1124,12,,,0,30,,1121,12,,,0,70,,1128,12,,,0,30,,1136,12,,,0,70,,1131,12,,,0,30,,1129,12,,,0,70,,1134,12,,,0,30,,1132,12,,,0,70,,1130,12,,,0,30,,1135,12,,,0,70,,1133,12,,,0
801,'c_72080_b_87197_d_31',736,,1597,12,,,0,70,,1595,12,,,0,30,,1596,12,,,0,70,,1598,12,,,0,30,,1605,12,,,0,70,,1602,12,,,0,30,,1599,12,,,0,70,,1606,12,,,0,30,,1603,12,,,0,70,,1600,12,,,0,30,,1607,12,,,0,70,,1604,12,,,0,30,,1601,12,,,0,70,,1608,12,,,0,30,,1616,12,,,0,70,,1611,12,,,0,30,,1609,12,,,0,70,,1614,12,,,0,30,,1612,12,,,0,70,,1610,12,,,0,30,,1615,12,,,0,70,,1613,12,,,0
801,'c_72082_b_87203_d_31',736,,1618,12,,,0,70,,1617,12,,,0,100,,1619,12,,,0,30,,1623,12,,,0,70,,1620,12,,,0,100,,1624,12,,,0,30,,1621,12,,,0,100,,1625,12,,,0,70,,1622,12,,,0,100,,1626,12,,,0,30,,1634,12,,,0,70,,1629,12,,,0,30,,1627,12,,,0,70,,1632,12,,,0,30,,1630,12,,,0,70,,1628,12,,,0,30,,1633,12,,,0,70,,1631,12,,,0
