300,'c_71837_b_86637_d_96',755,,854,8,0,5,0,100,,835,8,0,5,0,100,,855,8,0,5,0,100,,836,8,0,5,0,100,,856,8,0,5,0,100,,837,8,0,5,0,100,,857,8,0,5,0,100,,838,8,0,5,0,100,,840,8,0,5,0,100,,839,8,0,5,0,100,,841,8,0,5,0,170,,842,8,0,5,0,200,,843,8,0,5,0,200,,844,8,0,5,0
300,'c_71839_b_86639_d_31',750,,882,8,0,5,0,105,,872,8,0,5,0,100,,883,8,0,5,0,100,,873,8,0,5,0,100,,884,8,0,5,0,100,,874,8,0,5,0,100,,885,8,0,5,0,100,,877,8,0,5,0,100,,875,8,0,5,0,100,,878,8,0,5,0,100,,876,8,0,5,0,170,,879,8,0,5,0,200,,880,8,0,5,0,200,,881,8,0,5,0
300,'c_72078_b_87195_d_31',750,,1303,8,0,5,0,105,,1293,8,0,5,0,100,,1304,8,0,5,0,100,,1294,8,0,5,0,100,,1305,8,0,5,0,100,,1295,8,0,5,0,100,,1306,8,0,5,0,100,,1298,8,0,5,0,100,,1296,8,0,5,0,100,,1299,8,0,5,0,100,,1297,8,0,5,0,170,,1300,8,0,5,0,200,,1301,8,0,5,0,200,,1302,8,0,5,0
300,'c_72079_b_87196_d_32',755,,1327,8,0,5,0,100,,1317,8,0,5,0,100,,1328,8,0,5,0,100,,1318,8,0,5,0,100,,1329,8,0,5,0,100,,1319,8,0,5,0,100,,1330,8,0,5,0,100,,1320,8,0,5,0,100,,1322,8,0,5,0,100,,1321,8,0,5,0,100,,1323,8,0,5,0,170,,1324,8,0,5,0,200,,1325,8,0,5,0,200,,1326,8,0,5,0
300,'c_72081_b_87198_d_64',855,,1354,8,0,5,0,100,,1359,8,0,5,0,100,,1355,8,0,5,0,100,,1360,8,0,5,0,100,,1356,8,0,5,0,100,,1361,8,0,5,0,100,,1357,8,0,5,0,100,,1362,8,0,5,0,100,,1358,8,0,5,0,100,,1363,8,0,5,0
800,'c_71885_b_86774_d_31',700,,1081,8,,,0,30,,1107,8,,,0,70,,1072,8,,,0,30,,1073,8,0,5 6,0,70,,1108,8,,,0,30,,1109,8,,,0,70,,1077,8,,,0,30,,1085,8,,,0,70,,1110,8,,,0,30,,1078,8,,,0,70,,1086,8,,,0,30,,1111,8,,,0,70,,1079,8,,,0,30,,1088,8,,,0,70,,1112,8,,,0,30,,1080,8,,,0,70,,1082,8,,,0,30,,1113,8,,,0,70,,1076,8,,,0,30,,1083,8,,,0,70,,1114,8,,,0,30,,1087,8,,,0,70,,1084,8,,,0
800,'c_72080_b_87197_d_31',700,,1530,8,,,0,30,,1554,8,,,0,70,,1519,8,,,0,30,,1520,8,0,5 6,0,70,,1555,8,,,0,30,,1556,8,,,0,70,,1526,8,,,0,30,,1534,8,,,0,70,,1557,8,,,0,30,,1527,8,,,0,70,,1535,8,,,0,30,,1558,8,,,0,70,,1528,8,,,0,30,,1537,8,,,0,70,,1559,8,,,0,30,,1529,8,,,0,70,,1531,8,,,0,30,,1560,8,,,0,70,,1523,8,,,0,30,,1532,8,,,0,70,,1561,8,,,0,30,,1536,8,,,0,70,,1533,8,,,0
800,'c_72082_b_87203_d_31',700,,1567,8,,,0,30,,1587,8,,,0,100,,1562,8,0,5 6,0,70,,1588,8,,,0,30,,1589,8,,,0,100,,1571,8,,,0,70,,1590,8,,,0,100,,1572,8,,,0,30,,1591,8,,,0,100,,1574,8,,,0,70,,1592,8,,,0,100,,1568,8,,,0,30,,1593,8,,,0,70,,1564,8,,,0,30,,1569,8,,,0,70,,1594,8,,,0,30,,1573,8,,,0,70,,1570,8,,,0
900,'c_71885_b_86774_d_31',610,,1137,8,0,7 14 8,0,20,,1138,8,,,0
900,'c_72080_b_87197_d_31',610,,1635,8,0,7 14 8,0,20,,1636,8,,,0
900,'c_72082_b_87203_d_31',610,,1637,8,0,7 14 8,0,20,,1638,8,,,0
