300,'c_71837_b_86637_d_96',803,,854,17,0,5,0,100,,835,17,0,5,0,100,,855,17,0,5,0,100,,836,17,0,5,0,100,,856,17,0,5,0,100,,837,17,0,5,0,100,,857,17,0,5,0,100,,838,17,0,5,0,100,,840,17,0,5,0,100,,839,17,0,5,0,100,,841,17,0,5,0,130,,842,17,0,5,0,200,,843,17,0,5,0,200,,844,17,0,5,0
300,'c_71839_b_86639_d_31',803,,882,17,0,5,0,100,,872,17,0,5,0,100,,883,17,0,5,0,100,,873,17,0,5,0,100,,884,17,0,5,0,100,,874,17,0,5,0,100,,885,17,0,5,0,100,,877,17,0,5,0,100,,875,17,0,5,0,100,,878,17,0,5,0,100,,876,17,0,5,0,130,,879,17,0,5,0,200,,880,17,0,5,0,200,,881,17,0,5,0
300,'c_72078_b_87195_d_31',803,,1303,17,0,5,0,100,,1293,17,0,5,0,100,,1304,17,0,5,0,100,,1294,17,0,5,0,100,,1305,17,0,5,0,100,,1295,17,0,5,0,100,,1306,17,0,5,0,100,,1298,17,0,5,0,100,,1296,17,0,5,0,100,,1299,17,0,5,0,100,,1297,17,0,5,0,130,,1300,17,0,5,0,200,,1301,17,0,5,0,200,,1302,17,0,5,0
300,'c_72079_b_87196_d_32',803,,1327,17,0,5,0,100,,1317,17,0,5,0,100,,1328,17,0,5,0,100,,1318,17,0,5,0,100,,1329,17,0,5,0,100,,1319,17,0,5,0,100,,1330,17,0,5,0,100,,1320,17,0,5,0,100,,1322,17,0,5,0,100,,1321,17,0,5,0,100,,1323,17,0,5,0,130,,1324,17,0,5,0,200,,1325,17,0,5,0,200,,1326,17,0,5,0
300,'c_72081_b_87198_d_64',903,,1354,17,0,5,0,100,,1359,17,0,5,0,100,,1355,17,0,5,0,100,,1360,17,0,5,0,100,,1356,17,0,5,0,100,,1361,17,0,5,0,100,,1357,17,0,5,0,100,,1362,17,0,5,0,100,,1358,17,0,5,0,100,,1363,17,0,5,0
21290000,'c_70811_b_87199_d_14',808,,1645,4,,,0,30,,1646,4,,,0
21290000,'c_70811_b_87199_d_31',908,,1647,4,,,0,30,,1657,4,,,0,70,,1658,4,,,0,30,,1659,4,,,0,70,,1660,4,,,0,30,,1661,4,,,0,70,,1662,4,,,0,30,,1663,4,,,0,70,,1664,4,,,0,30,,1648,4,,,0,70,,1649,4,,,0,30,,1650,4,,,0,70,,1651,4,,,0,30,,1652,4,,,0,70,,1653,4,,,0,30,,1654,4,,,0,70,,1655,4,,,0,30,,1656,4,,,0
21290000,'c_70811_b_87199_d_4',1808,,1665,4,,,0,30,,1666,4,,,0,70,,1667,4,,,0,30,,1668,4,,,0,70,,1669,4,,,0,30,,1670,4,,,0
21290000,'c_70811_b_87199_d_8',738,,1675,4,,,0,1070,,1671,4,,,0,30,,1672,4,,,0,70,,1673,4,,,0,30,,1674,4,,,0
21290000,'c_70811_b_87200_d_14',808,,1676,4,,,0,30,,1677,4,,,0
21290000,'c_70811_b_87200_d_31',908,,1678,4,,,0,30,,1688,4,,,0,70,,1689,4,,,0,30,,1690,4,,,0,70,,1691,4,,,0,30,,1692,4,,,0,70,,1693,4,,,0,30,,1694,4,,,0,70,,1695,4,,,0,30,,1679,4,,,0,70,,1680,4,,,0,30,,1681,4,,,0,70,,1682,4,,,0,30,,1683,4,,,0,70,,1684,4,,,0,30,,1685,4,,,0,70,,1686,4,,,0,30,,1687,4,,,0
21290000,'c_70811_b_87200_d_4',1808,,1696,4,,,0,30,,1697,4,,,0,70,,1698,4,,,0,30,,1699,4,,,0,70,,1700,4,,,0,30,,1701,4,,,0
21290000,'c_70811_b_87200_d_8',738,,1706,4,,,0,1070,,1702,4,,,0,30,,1703,4,,,0,70,,1704,4,,,0,30,,1705,4,,,0
21290000,'c_70811_b_87201_d_14',808,,1707,4,,,0,30,,1708,4,,,0
21290000,'c_70811_b_87201_d_31',908,,1709,4,,,0,30,,1719,4,,,0,70,,1720,4,,,0,30,,1721,4,,,0,70,,1722,4,,,0,30,,1723,4,,,0,70,,1724,4,,,0,30,,1725,4,,,0,70,,1726,4,,,0,30,,1710,4,,,0,70,,1711,4,,,0,30,,1712,4,,,0,70,,1713,4,,,0,30,,1714,4,,,0,70,,1715,4,,,0,30,,1716,4,,,0,70,,1717,4,,,0,30,,1718,4,,,0
21290000,'c_70811_b_87201_d_4',1808,,1727,4,,,0,30,,1728,4,,,0,70,,1729,4,,,0,30,,1730,4,,,0,70,,1731,4,,,0,30,,1732,4,,,0
21290000,'c_70811_b_87201_d_8',738,,1737,4,,,0,1070,,1733,4,,,0,30,,1734,4,,,0,70,,1735,4,,,0,30,,1736,4,,,0
