101,'c_71837_b_86637_d_96',715,,789,16,,,0,100,,774,16,,,0,30,,790,16,,,0,70,,775,16,,,0,30,,793,16,,,0,70,,776,16,,,0,30,,794,16,,,0,70,,777,16,,,0,30,,795,16,,,0,70,,778,16,,,0,30,,796,16,,,0,70,,779,16,,,0,30,,797,16,,,0,70,,780,16,,,0,30,,798,16,,,0,70,,781,16,,,0,30,,799,16,,,0,70,,782,16,,,0,30,,800,16,,,0,70,,783,16,,,0,30,,791,16,,,0,70,,784,16,,,0,30,,792,16,,,0,100,,785,16,,,0,100,,786,16,,,0,100,,787,16,,,0,100,,788,16,,,0
101,'c_71839_b_86639_d_31',640,,811,16,,,0,70,,812,16,,,0,35,,821,16,,,0,70,,822,16,,,0,30,,829,16,,,0,70,,823,16,,,0,30,,801,16,,,0,70,,824,16,,,0,30,,803,16,,,0,70,,825,16,,,0,30,,804,16,,,0,70,,826,16,,,0,30,,805,16,,,0,70,,827,16,,,0,30,,806,16,,,0,70,,828,16,,,0,30,,807,16,,,0,70,,813,16,,,0,30,,808,16,,,0,70,,814,16,,,0,30,,809,16,,,0,70,,815,16,,,0,30,,810,16,,,0,70,,816,16,,,0,30,,802,16,,,0,100,,817,16,,,0,100,,818,16,,,0,100,,819,16,,,0,100,,820,16,,,0
101,'c_72078_b_87195_d_31',640,,1229,16,,,0,70,,1230,16,,,0,35,,1235,16,,,0,70,,1236,16,,,0,30,,1243,16,,,0,70,,1237,16,,,0,30,,1215,16,,,0,70,,1238,16,,,0,30,,1217,16,,,0,70,,1239,16,,,0,30,,1218,16,,,0,70,,1240,16,,,0,30,,1219,16,,,0,70,,1241,16,,,0,30,,1220,16,,,0,70,,1242,16,,,0,30,,1221,16,,,0,70,,1231,16,,,0,30,,1222,16,,,0,70,,1232,16,,,0,30,,1223,16,,,0,70,,1233,16,,,0,30,,1224,16,,,0,70,,1234,16,,,0,30,,1216,16,,,0,100,,1225,16,,,0,100,,1226,16,,,0,100,,1227,16,,,0,100,,1228,16,,,0
101,'c_72079_b_87196_d_32',715,,1259,16,,,0,100,,1244,16,,,0,30,,1260,16,,,0,70,,1245,16,,,0,30,,1263,16,,,0,70,,1246,16,,,0,30,,1264,16,,,0,70,,1247,16,,,0,30,,1265,16,,,0,70,,1248,16,,,0,30,,1266,16,,,0,70,,1249,16,,,0,30,,1267,16,,,0,70,,1250,16,,,0,30,,1268,16,,,0,70,,1251,16,,,0,30,,1269,16,,,0,70,,1252,16,,,0,30,,1270,16,,,0,70,,1253,16,,,0,30,,1261,16,,,0,70,,1254,16,,,0,30,,1262,16,,,0,100,,1255,16,,,0,100,,1256,16,,,0,100,,1257,16,,,0,100,,1258,16,,,0
101,'c_72081_b_87198_d_64',915,,1280,16,,,0,30,,1271,16,,,0,70,,1281,16,,,0,30,,1272,16,,,0,70,,1282,16,,,0,30,,1273,16,,,0,70,,1283,16,,,0,30,,1274,16,,,0,70,,1284,16,,,0,30,,1275,16,,,0,70,,1285,16,,,0,30,,1276,16,,,0,70,,1286,16,,,0,30,,1277,16,,,0,70,,1287,16,,,0,30,,1278,16,,,0,70,,1288,16,,,0,30,,1279,16,,,0
301,'c_71837_b_86637_d_96',845,,887,28,,,0,100,,890,28,,,0,100,,888,28,,,0,100,,891,28,,,0,100,,889,28,,,0,100,,892,28,,,0,100,,886,28,,,0,100,,893,28,,,0,100,,895,28,,,0,100,,894,28,,,0,100,,896,28,,,0,170,,897,28,0,16 13,0,200,,898,28,0,16 13,0
301,'c_71839_b_86639_d_31',845,,900,28,,,0,100,,905,28,,,0,100,,901,28,,,0,100,,906,28,,,0,100,,902,28,,,0,100,,907,28,,,0,100,,899,28,,,0,100,,903,28,,,0,100,,910,28,,,0,100,,904,28,,,0,100,,911,28,,,0,170,,908,28,0,16 13,0,200,,909,28,0,16 13,0
301,'c_72078_b_87195_d_31',845,,1364,28,,,0,100,,1372,28,,,0,100,,1365,28,,,0,100,,1373,28,,,0,100,,1366,28,,,0,100,,1374,28,,,0,100,,1369,28,,,0,100,,1370,28,,,0,100,,1375,28,,,0,100,,1371,28,,,0,100,,1376,28,,,0,170,,1367,28,0,16 13,0,200,,1368,28,0,16 13,0
301,'c_72079_b_87196_d_32',845,,1378,28,,,0,100,,1381,28,,,0,100,,1379,28,,,0,100,,1382,28,,,0,100,,1380,28,,,0,100,,1383,28,,,0,100,,1377,28,,,0,100,,1384,28,,,0,100,,1386,28,,,0,100,,1385,28,,,0,100,,1387,28,,,0,170,,1388,28,0,16 13,0,200,,1389,28,0,16 13,0
301,'c_72081_b_87198_d_64',945,,1394,28,,,0,100,,1390,28,,,0,100,,1395,28,,,0,100,,1391,28,,,0,100,,1396,28,,,0,100,,1392,28,,,0,100,,1397,28,,,0,100,,1393,28,,,0,100,,1398,28,,,0
401,'c_71837_b_86637_d_96',744,,968,28,0,16 13,0,170,,969,28,,,0,100,,974,28,,,0,100,,970,28,,,0,100,,975,28,,,0,100,,971,28,,,0,100,,976,28,,,0,100,,972,28,,,0,100,,977,28,,,0,100,,973,28,,,0,100,,978,28,,,0,100,,981,28,0,16 13,0,200,,979,28,0,16 13,0,200,,980,28,0,16 13,0
401,'c_71839_b_86639_d_31',655,,982,28,,,0,90,,985,28,,,0,70,,983,28,,,0,100,,984,28,,,0,100,,991,28,,,0,100,,986,28,,,0,100,,992,28,,,0,100,,987,28,,,0,100,,993,28,,,0,100,,988,28,,,0,100,,994,28,,,0,100,,989,28,,,0,100,,995,28,,,0,100,,990,28,0,16 13,0,200,,996,28,0,16 13,0,200,,997,28,0,16 13,0
401,'c_72078_b_87195_d_31',655,,1474,28,,,0,90,,1477,28,,,0,70,,1475,28,,,0,100,,1476,28,,,0,100,,1483,28,,,0,100,,1478,28,,,0,100,,1484,28,,,0,100,,1479,28,,,0,100,,1485,28,,,0,100,,1480,28,,,0,100,,1486,28,,,0,100,,1481,28,,,0,100,,1487,28,,,0,100,,1482,28,0,16 13,0,200,,1488,28,0,16 13,0,200,,1489,28,0,16 13,0
401,'c_72079_b_87196_d_32',744,,1490,28,0,16 13,0,170,,1491,28,,,0,100,,1496,28,,,0,100,,1492,28,,,0,100,,1497,28,,,0,100,,1493,28,,,0,100,,1498,28,,,0,100,,1494,28,,,0,100,,1499,28,,,0,100,,1495,28,,,0,100,,1500,28,,,0,100,,1503,28,0,16 13,0,200,,1501,28,0,16 13,0,200,,1502,28,0,16 13,0
401,'c_72081_b_87198_d_64',1015,,1509,28,,,0,100,,1504,28,,,0,100,,1510,28,,,0,100,,1505,28,,,0,100,,1511,28,,,0,100,,1506,28,,,0,100,,1512,28,,,0,100,,1507,28,,,0,100,,1508,28,0,16 13,0
701,'c_71885_b_86774_d_31',716,,1071,20,,,0
701,'c_72080_b_87197_d_31',716,,1517,20,,,0
701,'c_72082_b_87203_d_31',716,,1518,20,,,0
801,'c_71885_b_86774_d_31',738,,1117,13,,,0,70,,1115,13,,,0,30,,1116,13,,,0,70,,1118,13,,,0,30,,1125,13,,,0,70,,1122,13,,,0,30,,1119,13,,,0,70,,1126,13,,,0,30,,1123,13,,,0,70,,1120,13,,,0,30,,1127,13,,,0,70,,1124,13,,,0,30,,1121,13,,,0,70,,1128,13,,,0,30,,1136,13,,,0,70,,1131,13,,,0,30,,1129,13,,,0,70,,1134,13,,,0,30,,1132,13,,,0,70,,1130,13,,,0,30,,1135,13,,,0,70,,1133,13,,,0
801,'c_72080_b_87197_d_31',738,,1597,13,,,0,70,,1595,13,,,0,30,,1596,13,,,0,70,,1598,13,,,0,30,,1605,13,,,0,70,,1602,13,,,0,30,,1599,13,,,0,70,,1606,13,,,0,30,,1603,13,,,0,70,,1600,13,,,0,30,,1607,13,,,0,70,,1604,13,,,0,30,,1601,13,,,0,70,,1608,13,,,0,30,,1616,13,,,0,70,,1611,13,,,0,30,,1609,13,,,0,70,,1614,13,,,0,30,,1612,13,,,0,70,,1610,13,,,0,30,,1615,13,,,0,70,,1613,13,,,0
801,'c_72082_b_87203_d_31',738,,1618,13,,,0,70,,1617,13,,,0,100,,1619,13,,,0,30,,1623,13,,,0,70,,1620,13,,,0,100,,1624,13,,,0,30,,1621,13,,,0,100,,1625,13,,,0,70,,1622,13,,,0,100,,1626,13,,,0,30,,1634,13,,,0,70,,1629,13,,,0,30,,1627,13,,,0,70,,1632,13,,,0,30,,1630,13,,,0,70,,1628,13,,,0,30,,1633,13,,,0,70,,1631,13,,,0
