300,'c_71837_b_86637_d_96',728,,848,15,,,0,100,,845,15,,,0,100,,849,15,,,0,100,,846,15,,,0,100,,850,15,,,0,100,,847,15,,,0,100,,851,15,,,0,100,,833,15,,,0,100,,852,15,,,0,100,,834,15,,,0,100,,853,15,,,0,130,,830,15,,,0,200,,831,15,,,0,200,,832,15,,,0
300,'c_71839_b_86639_d_31',723,,865,15,,,0,105,,866,15,,,0,100,,869,15,,,0,100,,867,15,,,0,100,,870,15,,,0,100,,868,15,,,0,100,,871,15,,,0,100,,860,15,,,0,100,,858,15,,,0,100,,861,15,,,0,100,,859,15,,,0,130,,862,15,,,0,200,,863,15,,,0,200,,864,15,,,0
300,'c_72078_b_87195_d_31',723,,1292,15,,,0,105,,1311,15,,,0,100,,1314,15,,,0,100,,1312,15,,,0,100,,1315,15,,,0,100,,1313,15,,,0,100,,1316,15,,,0,100,,1309,15,,,0,100,,1307,15,,,0,100,,1310,15,,,0,100,,1308,15,,,0,130,,1289,15,,,0,200,,1290,15,,,0,200,,1291,15,,,0
300,'c_72079_b_87196_d_32',728,,1339,15,,,0,100,,1336,15,,,0,100,,1340,15,,,0,100,,1337,15,,,0,100,,1341,15,,,0,100,,1338,15,,,0,100,,1342,15,,,0,100,,1334,15,,,0,100,,1343,15,,,0,100,,1335,15,,,0,100,,1344,15,,,0,130,,1331,15,,,0,200,,1332,15,,,0,200,,1333,15,,,0
300,'c_72081_b_87198_d_64',928,,1349,15,,,0,100,,1345,15,,,0,100,,1350,15,,,0,100,,1346,15,,,0,100,,1351,15,,,0,100,,1347,15,,,0,100,,1352,15,,,0,100,,1348,15,,,0,100,,1353,15,,,0
400,'c_71837_b_86637_d_96',857,,933,15,,,0,100,,921,15,,,0,100,,934,15,,,0,100,,922,15,,,0,100,,935,15,,,0,100,,923,15,,,0,100,,936,15,,,0,100,,924,15,,,0,100,,937,15,,,0,100,,925,15,,,0,200,,912,15,,,0,200,,913,15,,,0
400,'c_71839_b_86639_d_31',653,,966,15,,,0,105,,944,15,,,0,100,,942,15,,,0,100,,961,15,,,0,100,,957,15,,,0,100,,962,15,,,0,100,,958,15,,,0,100,,963,15,,,0,100,,959,15,,,0,100,,964,15,,,0,100,,960,15,,,0,100,,965,15,,,0,200,,940,15,,,0,200,,941,15,,,0
400,'c_72078_b_87195_d_31',653,,1428,15,,,0,105,,1405,15,,,0,100,,1403,15,,,0,100,,1422,15,,,0,100,,1418,15,,,0,100,,1423,15,,,0,100,,1419,15,,,0,100,,1424,15,,,0,100,,1420,15,,,0,100,,1425,15,,,0,100,,1421,15,,,0,100,,1426,15,,,0,200,,1401,15,,,0,200,,1402,15,,,0
400,'c_72079_b_87196_d_32',857,,1450,15,,,0,100,,1438,15,,,0,100,,1451,15,,,0,100,,1439,15,,,0,100,,1452,15,,,0,100,,1440,15,,,0,100,,1453,15,,,0,100,,1441,15,,,0,100,,1454,15,,,0,100,,1442,15,,,0,200,,1429,15,,,0,200,,1430,15,,,0
400,'c_72081_b_87198_d_64',958,,1459,15,,,0,100,,1455,15,,,0,100,,1460,15,,,0,100,,1456,15,,,0,100,,1461,15,,,0,100,,1457,15,,,0,100,,1462,15,,,0,100,,1458,15,,,0,100,,1463,15,,,0
