301,'c_71837_b_86637_d_96',822,,887,6,,,0,100,,890,6,,,0,100,,888,6,,,0,100,,891,6,,,0,100,,889,6,,,0,100,,892,6,,,0,100,,886,6,,,0,100,,893,6,,,0,100,,895,6,,,0,100,,894,6,,,0,100,,896,6,,,0,130,,897,6,0,16 13,0,200,,898,6,0,16 13,0
301,'c_71839_b_86639_d_31',822,,900,6,,,0,100,,905,6,,,0,100,,901,6,,,0,100,,906,6,,,0,100,,902,6,,,0,100,,907,6,,,0,100,,899,6,,,0,100,,903,6,,,0,100,,910,6,,,0,100,,904,6,,,0,100,,911,6,,,0,130,,908,6,0,16 13,0,200,,909,6,0,16 13,0
301,'c_72078_b_87195_d_31',822,,1364,6,,,0,100,,1372,6,,,0,100,,1365,6,,,0,100,,1373,6,,,0,100,,1366,6,,,0,100,,1374,6,,,0,100,,1369,6,,,0,100,,1370,6,,,0,100,,1375,6,,,0,100,,1371,6,,,0,100,,1376,6,,,0,130,,1367,6,0,16 13,0,200,,1368,6,0,16 13,0
301,'c_72079_b_87196_d_32',822,,1378,6,,,0,100,,1381,6,,,0,100,,1379,6,,,0,100,,1382,6,,,0,100,,1380,6,,,0,100,,1383,6,,,0,100,,1377,6,,,0,100,,1384,6,,,0,100,,1386,6,,,0,100,,1385,6,,,0,100,,1387,6,,,0,130,,1388,6,0,16 13,0,200,,1389,6,0,16 13,0
301,'c_72081_b_87198_d_64',922,,1394,6,,,0,100,,1390,6,,,0,100,,1395,6,,,0,100,,1391,6,,,0,100,,1396,6,,,0,100,,1392,6,,,0,100,,1397,6,,,0,100,,1393,6,,,0,100,,1398,6,,,0
401,'c_71837_b_86637_d_96',722,,968,6,0,16 13,0,130,,969,6,,,0,100,,974,6,,,0,100,,970,6,,,0,100,,975,6,,,0,100,,971,6,,,0,100,,976,6,,,0,100,,972,6,,,0,100,,977,6,,,0,100,,973,6,,,0,100,,978,6,,,0,100,,981,6,0,16 13,0,200,,979,6,0,16 13,0,200,,980,6,0,16 13,0
401,'c_71839_b_86639_d_31',632,,982,6,,,0,90,,985,6,,,0,30,,983,6,,,0,100,,984,6,,,0,100,,991,6,,,0,100,,986,6,,,0,100,,992,6,,,0,100,,987,6,,,0,100,,993,6,,,0,100,,988,6,,,0,100,,994,6,,,0,100,,989,6,,,0,100,,995,6,,,0,100,,990,6,0,16 13,0,200,,996,6,0,16 13,0,200,,997,6,0,16 13,0
401,'c_72078_b_87195_d_31',632,,1474,6,,,0,90,,1477,6,,,0,30,,1475,6,,,0,100,,1476,6,,,0,100,,1483,6,,,0,100,,1478,6,,,0,100,,1484,6,,,0,100,,1479,6,,,0,100,,1485,6,,,0,100,,1480,6,,,0,100,,1486,6,,,0,100,,1481,6,,,0,100,,1487,6,,,0,100,,1482,6,0,16 13,0,200,,1488,6,0,16 13,0,200,,1489,6,0,16 13,0
401,'c_72079_b_87196_d_32',722,,1490,6,0,16 13,0,130,,1491,6,,,0,100,,1496,6,,,0,100,,1492,6,,,0,100,,1497,6,,,0,100,,1493,6,,,0,100,,1498,6,,,0,100,,1494,6,,,0,100,,1499,6,,,0,100,,1495,6,,,0,100,,1500,6,,,0,100,,1503,6,0,16 13,0,200,,1501,6,0,16 13,0,200,,1502,6,0,16 13,0
401,'c_72081_b_87198_d_64',952,,1509,6,,,0,100,,1504,6,,,0,100,,1510,6,,,0,100,,1505,6,,,0,100,,1511,6,,,0,100,,1506,6,,,0,100,,1512,6,,,0,100,,1507,6,,,0,100,,1508,6,0,16 13,0
701,'c_71885_b_86774_d_31',652,,1071,6,,,0
701,'c_72080_b_87197_d_31',652,,1517,6,,,0
701,'c_72082_b_87203_d_31',652,,1518,6,,,0
801,'c_71885_b_86774_d_31',720,,1117,2,,,0,30,,1115,2,,,0,70,,1116,2,,,0,30,,1118,2,,,0,70,,1125,2,,,0,30,,1122,2,,,0,70,,1119,2,,,0,30,,1126,2,,,0,70,,1123,2,,,0,30,,1120,2,,,0,70,,1127,2,,,0,30,,1124,2,,,0,70,,1121,2,,,0,30,,1128,2,,,0,70,,1136,2,,,0,30,,1131,2,,,0,70,,1129,2,,,0,30,,1134,2,,,0,70,,1132,2,,,0,30,,1130,2,,,0,70,,1135,2,,,0,30,,1133,2,,,0
801,'c_72080_b_87197_d_31',720,,1597,2,,,0,30,,1595,2,,,0,70,,1596,2,,,0,30,,1598,2,,,0,70,,1605,2,,,0,30,,1602,2,,,0,70,,1599,2,,,0,30,,1606,2,,,0,70,,1603,2,,,0,30,,1600,2,,,0,70,,1607,2,,,0,30,,1604,2,,,0,70,,1601,2,,,0,30,,1608,2,,,0,70,,1616,2,,,0,30,,1611,2,,,0,70,,1609,2,,,0,30,,1614,2,,,0,70,,1612,2,,,0,30,,1610,2,,,0,70,,1615,2,,,0,30,,1613,2,,,0
801,'c_72082_b_87203_d_31',720,,1618,2,,,0,30,,1617,2,,,0,100,,1619,2,,,0,70,,1623,2,,,0,30,,1620,2,,,0,100,,1624,2,,,0,70,,1621,2,,,0,100,,1625,2,,,0,30,,1622,2,,,0,100,,1626,2,,,0,70,,1634,2,,,0,30,,1629,2,,,0,70,,1627,2,,,0,30,,1632,2,,,0,70,,1630,2,,,0,30,,1628,2,,,0,70,,1633,2,,,0,30,,1631,2,,,0
