300,'c_71837_b_86637_d_96',726,,848,13,,,0,100,,845,13,,,0,100,,849,13,,,0,100,,846,13,,,0,100,,850,13,,,0,100,,847,13,,,0,100,,851,13,,,0,100,,833,13,,,0,100,,852,13,,,0,100,,834,13,,,0,100,,853,13,,,0,130,,830,13,,,0,200,,831,13,,,0,200,,832,13,,,0
300,'c_71839_b_86639_d_31',721,,865,13,,,0,105,,866,13,,,0,100,,869,13,,,0,100,,867,13,,,0,100,,870,13,,,0,100,,868,13,,,0,100,,871,13,,,0,100,,860,13,,,0,100,,858,13,,,0,100,,861,13,,,0,100,,859,13,,,0,130,,862,13,,,0,200,,863,13,,,0,200,,864,13,,,0
300,'c_72078_b_87195_d_31',721,,1292,13,,,0,105,,1311,13,,,0,100,,1314,13,,,0,100,,1312,13,,,0,100,,1315,13,,,0,100,,1313,13,,,0,100,,1316,13,,,0,100,,1309,13,,,0,100,,1307,13,,,0,100,,1310,13,,,0,100,,1308,13,,,0,130,,1289,13,,,0,200,,1290,13,,,0,200,,1291,13,,,0
300,'c_72079_b_87196_d_32',726,,1339,13,,,0,100,,1336,13,,,0,100,,1340,13,,,0,100,,1337,13,,,0,100,,1341,13,,,0,100,,1338,13,,,0,100,,1342,13,,,0,100,,1334,13,,,0,100,,1343,13,,,0,100,,1335,13,,,0,100,,1344,13,,,0,130,,1331,13,,,0,200,,1332,13,,,0,200,,1333,13,,,0
300,'c_72081_b_87198_d_64',926,,1349,13,,,0,100,,1345,13,,,0,100,,1350,13,,,0,100,,1346,13,,,0,100,,1351,13,,,0,100,,1347,13,,,0,100,,1352,13,,,0,100,,1348,13,,,0,100,,1353,13,,,0
301,'c_71837_b_86637_d_96',836,,887,21,,,0,100,,890,21,,,0,100,,888,21,,,0,100,,891,21,,,0,100,,889,21,,,0,100,,892,21,,,0,100,,886,21,,,0,100,,893,21,,,0,100,,895,21,,,0,100,,894,21,,,0,100,,896,21,,,0,170,,897,21,0,16 13,0,200,,898,21,0,16 13,0
301,'c_71839_b_86639_d_31',836,,900,21,,,0,100,,905,21,,,0,100,,901,21,,,0,100,,906,21,,,0,100,,902,21,,,0,100,,907,21,,,0,100,,899,21,,,0,100,,903,21,,,0,100,,910,21,,,0,100,,904,21,,,0,100,,911,21,,,0,170,,908,21,0,16 13,0,200,,909,21,0,16 13,0
301,'c_72078_b_87195_d_31',836,,1364,21,,,0,100,,1372,21,,,0,100,,1365,21,,,0,100,,1373,21,,,0,100,,1366,21,,,0,100,,1374,21,,,0,100,,1369,21,,,0,100,,1370,21,,,0,100,,1375,21,,,0,100,,1371,21,,,0,100,,1376,21,,,0,170,,1367,21,0,16 13,0,200,,1368,21,0,16 13,0
301,'c_72079_b_87196_d_32',836,,1378,21,,,0,100,,1381,21,,,0,100,,1379,21,,,0,100,,1382,21,,,0,100,,1380,21,,,0,100,,1383,21,,,0,100,,1377,21,,,0,100,,1384,21,,,0,100,,1386,21,,,0,100,,1385,21,,,0,100,,1387,21,,,0,170,,1388,21,0,16 13,0,200,,1389,21,0,16 13,0
301,'c_72081_b_87198_d_64',936,,1394,21,,,0,100,,1390,21,,,0,100,,1395,21,,,0,100,,1391,21,,,0,100,,1396,21,,,0,100,,1392,21,,,0,100,,1397,21,,,0,100,,1393,21,,,0,100,,1398,21,,,0
400,'c_71837_b_86637_d_96',856,,933,13,,,0,100,,921,13,,,0,100,,934,13,,,0,100,,922,13,,,0,100,,935,13,,,0,100,,923,13,,,0,100,,936,13,,,0,100,,924,13,,,0,100,,937,13,,,0,100,,925,13,,,0,200,,912,13,,,0,200,,913,13,,,0
400,'c_71839_b_86639_d_31',651,,966,13,,,0,105,,944,13,,,0,100,,942,13,,,0,100,,961,13,,,0,100,,957,13,,,0,100,,962,13,,,0,100,,958,13,,,0,100,,963,13,,,0,100,,959,13,,,0,100,,964,13,,,0,100,,960,13,,,0,100,,965,13,,,0,200,,940,13,,,0,200,,941,13,,,0
400,'c_72078_b_87195_d_31',651,,1428,13,,,0,105,,1405,13,,,0,100,,1403,13,,,0,100,,1422,13,,,0,100,,1418,13,,,0,100,,1423,13,,,0,100,,1419,13,,,0,100,,1424,13,,,0,100,,1420,13,,,0,100,,1425,13,,,0,100,,1421,13,,,0,100,,1426,13,,,0,200,,1401,13,,,0,200,,1402,13,,,0
400,'c_72079_b_87196_d_32',856,,1450,13,,,0,100,,1438,13,,,0,100,,1451,13,,,0,100,,1439,13,,,0,100,,1452,13,,,0,100,,1440,13,,,0,100,,1453,13,,,0,100,,1441,13,,,0,100,,1454,13,,,0,100,,1442,13,,,0,200,,1429,13,,,0,200,,1430,13,,,0
400,'c_72081_b_87198_d_64',956,,1459,13,,,0,100,,1455,13,,,0,100,,1460,13,,,0,100,,1456,13,,,0,100,,1461,13,,,0,100,,1457,13,,,0,100,,1462,13,,,0,100,,1458,13,,,0,100,,1463,13,,,0
401,'c_71837_b_86637_d_96',737,,968,21,0,16 13,0,170,,969,21,,,0,100,,974,21,,,0,100,,970,21,,,0,100,,975,21,,,0,100,,971,21,,,0,100,,976,21,,,0,100,,972,21,,,0,100,,977,21,,,0,100,,973,21,,,0,100,,978,21,,,0,100,,981,21,0,16 13,0,200,,979,21,0,16 13,0,200,,980,21,0,16 13,0
401,'c_71839_b_86639_d_31',646,,982,21,,,0,90,,985,21,,,0,70,,983,21,,,0,100,,984,21,,,0,100,,991,21,,,0,100,,986,21,,,0,100,,992,21,,,0,100,,987,21,,,0,100,,993,21,,,0,100,,988,21,,,0,100,,994,21,,,0,100,,989,21,,,0,100,,995,21,,,0,100,,990,21,0,16 13,0,200,,996,21,0,16 13,0,200,,997,21,0,16 13,0
401,'c_72078_b_87195_d_31',646,,1474,21,,,0,90,,1477,21,,,0,70,,1475,21,,,0,100,,1476,21,,,0,100,,1483,21,,,0,100,,1478,21,,,0,100,,1484,21,,,0,100,,1479,21,,,0,100,,1485,21,,,0,100,,1480,21,,,0,100,,1486,21,,,0,100,,1481,21,,,0,100,,1487,21,,,0,100,,1482,21,0,16 13,0,200,,1488,21,0,16 13,0,200,,1489,21,0,16 13,0
401,'c_72079_b_87196_d_32',737,,1490,21,0,16 13,0,170,,1491,21,,,0,100,,1496,21,,,0,100,,1492,21,,,0,100,,1497,21,,,0,100,,1493,21,,,0,100,,1498,21,,,0,100,,1494,21,,,0,100,,1499,21,,,0,100,,1495,21,,,0,100,,1500,21,,,0,100,,1503,21,0,16 13,0,200,,1501,21,0,16 13,0,200,,1502,21,0,16 13,0
401,'c_72081_b_87198_d_64',1006,,1509,21,,,0,100,,1504,21,,,0,100,,1510,21,,,0,100,,1505,21,,,0,100,,1511,21,,,0,100,,1506,21,,,0,100,,1512,21,,,0,100,,1507,21,,,0,100,,1508,21,0,16 13,0
