300,'c_71837_b_86637_d_96',727,,848,14,,,0,100,,845,14,,,0,100,,849,14,,,0,100,,846,14,,,0,100,,850,14,,,0,100,,847,14,,,0,100,,851,14,,,0,100,,833,14,,,0,100,,852,14,,,0,100,,834,14,,,0,100,,853,14,,,0,130,,830,14,,,0,200,,831,14,,,0,200,,832,14,,,0
300,'c_71839_b_86639_d_31',722,,865,14,,,0,105,,866,14,,,0,100,,869,14,,,0,100,,867,14,,,0,100,,870,14,,,0,100,,868,14,,,0,100,,871,14,,,0,100,,860,14,,,0,100,,858,14,,,0,100,,861,14,,,0,100,,859,14,,,0,130,,862,14,,,0,200,,863,14,,,0,200,,864,14,,,0
300,'c_72078_b_87195_d_31',722,,1292,14,,,0,105,,1311,14,,,0,100,,1314,14,,,0,100,,1312,14,,,0,100,,1315,14,,,0,100,,1313,14,,,0,100,,1316,14,,,0,100,,1309,14,,,0,100,,1307,14,,,0,100,,1310,14,,,0,100,,1308,14,,,0,130,,1289,14,,,0,200,,1290,14,,,0,200,,1291,14,,,0
300,'c_72079_b_87196_d_32',727,,1339,14,,,0,100,,1336,14,,,0,100,,1340,14,,,0,100,,1337,14,,,0,100,,1341,14,,,0,100,,1338,14,,,0,100,,1342,14,,,0,100,,1334,14,,,0,100,,1343,14,,,0,100,,1335,14,,,0,100,,1344,14,,,0,130,,1331,14,,,0,200,,1332,14,,,0,200,,1333,14,,,0
300,'c_72081_b_87198_d_64',927,,1349,14,,,0,100,,1345,14,,,0,100,,1350,14,,,0,100,,1346,14,,,0,100,,1351,14,,,0,100,,1347,14,,,0,100,,1352,14,,,0,100,,1348,14,,,0,100,,1353,14,,,0
400,'c_71837_b_86637_d_96',857,,933,14,,,0,100,,921,14,,,0,100,,934,14,,,0,100,,922,14,,,0,100,,935,14,,,0,100,,923,14,,,0,100,,936,14,,,0,100,,924,14,,,0,100,,937,14,,,0,100,,925,14,,,0,200,,912,14,,,0,200,,913,14,,,0
400,'c_71839_b_86639_d_31',652,,966,14,,,0,105,,944,14,,,0,100,,942,14,,,0,100,,961,14,,,0,100,,957,14,,,0,100,,962,14,,,0,100,,958,14,,,0,100,,963,14,,,0,100,,959,14,,,0,100,,964,14,,,0,100,,960,14,,,0,100,,965,14,,,0,200,,940,14,,,0,200,,941,14,,,0
400,'c_72078_b_87195_d_31',652,,1428,14,,,0,105,,1405,14,,,0,100,,1403,14,,,0,100,,1422,14,,,0,100,,1418,14,,,0,100,,1423,14,,,0,100,,1419,14,,,0,100,,1424,14,,,0,100,,1420,14,,,0,100,,1425,14,,,0,100,,1421,14,,,0,100,,1426,14,,,0,200,,1401,14,,,0,200,,1402,14,,,0
400,'c_72079_b_87196_d_32',857,,1450,14,,,0,100,,1438,14,,,0,100,,1451,14,,,0,100,,1439,14,,,0,100,,1452,14,,,0,100,,1440,14,,,0,100,,1453,14,,,0,100,,1441,14,,,0,100,,1454,14,,,0,100,,1442,14,,,0,200,,1429,14,,,0,200,,1430,14,,,0
400,'c_72081_b_87198_d_64',957,,1459,14,,,0,100,,1455,14,,,0,100,,1460,14,,,0,100,,1456,14,,,0,100,,1461,14,,,0,100,,1457,14,,,0,100,,1462,14,,,0,100,,1458,14,,,0,100,,1463,14,,,0
