300,'c_71837_b_86637_d_96',721,,848,8,,,0,100,,845,8,,,0,100,,849,8,,,0,100,,846,8,,,0,100,,850,8,,,0,100,,847,8,,,0,100,,851,8,,,0,100,,833,8,,,0,100,,852,8,,,0,100,,834,8,,,0,100,,853,8,,,0,130,,830,8,,,0,200,,831,8,,,0,200,,832,8,,,0
300,'c_71839_b_86639_d_31',716,,865,8,,,0,105,,866,8,,,0,100,,869,8,,,0,100,,867,8,,,0,100,,870,8,,,0,100,,868,8,,,0,100,,871,8,,,0,100,,860,8,,,0,100,,858,8,,,0,100,,861,8,,,0,100,,859,8,,,0,130,,862,8,,,0,200,,863,8,,,0,200,,864,8,,,0
300,'c_72078_b_87195_d_31',716,,1292,8,,,0,105,,1311,8,,,0,100,,1314,8,,,0,100,,1312,8,,,0,100,,1315,8,,,0,100,,1313,8,,,0,100,,1316,8,,,0,100,,1309,8,,,0,100,,1307,8,,,0,100,,1310,8,,,0,100,,1308,8,,,0,130,,1289,8,,,0,200,,1290,8,,,0,200,,1291,8,,,0
300,'c_72079_b_87196_d_32',721,,1339,8,,,0,100,,1336,8,,,0,100,,1340,8,,,0,100,,1337,8,,,0,100,,1341,8,,,0,100,,1338,8,,,0,100,,1342,8,,,0,100,,1334,8,,,0,100,,1343,8,,,0,100,,1335,8,,,0,100,,1344,8,,,0,130,,1331,8,,,0,200,,1332,8,,,0,200,,1333,8,,,0
300,'c_72081_b_87198_d_64',921,,1349,8,,,0,100,,1345,8,,,0,100,,1350,8,,,0,100,,1346,8,,,0,100,,1351,8,,,0,100,,1347,8,,,0,100,,1352,8,,,0,100,,1348,8,,,0,100,,1353,8,,,0
400,'c_71837_b_86637_d_96',851,,933,8,,,0,100,,921,8,,,0,100,,934,8,,,0,100,,922,8,,,0,100,,935,8,,,0,100,,923,8,,,0,100,,936,8,,,0,100,,924,8,,,0,100,,937,8,,,0,100,,925,8,,,0,200,,912,8,,,0,200,,913,8,,,0
400,'c_71839_b_86639_d_31',646,,966,8,,,0,105,,944,8,,,0,100,,942,8,,,0,100,,961,8,,,0,100,,957,8,,,0,100,,962,8,,,0,100,,958,8,,,0,100,,963,8,,,0,100,,959,8,,,0,100,,964,8,,,0,100,,960,8,,,0,100,,965,8,,,0,200,,940,8,,,0,200,,941,8,,,0
400,'c_72078_b_87195_d_31',646,,1428,8,,,0,105,,1405,8,,,0,100,,1403,8,,,0,100,,1422,8,,,0,100,,1418,8,,,0,100,,1423,8,,,0,100,,1419,8,,,0,100,,1424,8,,,0,100,,1420,8,,,0,100,,1425,8,,,0,100,,1421,8,,,0,100,,1426,8,,,0,200,,1401,8,,,0,200,,1402,8,,,0
400,'c_72079_b_87196_d_32',851,,1450,8,,,0,100,,1438,8,,,0,100,,1451,8,,,0,100,,1439,8,,,0,100,,1452,8,,,0,100,,1440,8,,,0,100,,1453,8,,,0,100,,1441,8,,,0,100,,1454,8,,,0,100,,1442,8,,,0,200,,1429,8,,,0,200,,1430,8,,,0
400,'c_72081_b_87198_d_64',951,,1459,8,,,0,100,,1455,8,,,0,100,,1460,8,,,0,100,,1456,8,,,0,100,,1461,8,,,0,100,,1457,8,,,0,100,,1462,8,,,0,100,,1458,8,,,0,100,,1463,8,,,0
