301,'c_71837_b_86637_d_96',832,,887,17,,,0,100,,890,17,,,0,100,,888,17,,,0,100,,891,17,,,0,100,,889,17,,,0,100,,892,17,,,0,100,,886,17,,,0,100,,893,17,,,0,100,,895,17,,,0,100,,894,17,,,0,100,,896,17,,,0,170,,897,17,0,16 13,0,200,,898,17,0,16 13,0
301,'c_71839_b_86639_d_31',832,,900,17,,,0,100,,905,17,,,0,100,,901,17,,,0,100,,906,17,,,0,100,,902,17,,,0,100,,907,17,,,0,100,,899,17,,,0,100,,903,17,,,0,100,,910,17,,,0,100,,904,17,,,0,100,,911,17,,,0,170,,908,17,0,16 13,0,200,,909,17,0,16 13,0
301,'c_72078_b_87195_d_31',832,,1364,17,,,0,100,,1372,17,,,0,100,,1365,17,,,0,100,,1373,17,,,0,100,,1366,17,,,0,100,,1374,17,,,0,100,,1369,17,,,0,100,,1370,17,,,0,100,,1375,17,,,0,100,,1371,17,,,0,100,,1376,17,,,0,170,,1367,17,0,16 13,0,200,,1368,17,0,16 13,0
301,'c_72079_b_87196_d_32',832,,1378,17,,,0,100,,1381,17,,,0,100,,1379,17,,,0,100,,1382,17,,,0,100,,1380,17,,,0,100,,1383,17,,,0,100,,1377,17,,,0,100,,1384,17,,,0,100,,1386,17,,,0,100,,1385,17,,,0,100,,1387,17,,,0,170,,1388,17,0,16 13,0,200,,1389,17,0,16 13,0
301,'c_72081_b_87198_d_64',932,,1394,17,,,0,100,,1390,17,,,0,100,,1395,17,,,0,100,,1391,17,,,0,100,,1396,17,,,0,100,,1392,17,,,0,100,,1397,17,,,0,100,,1393,17,,,0,100,,1398,17,,,0
401,'c_71837_b_86637_d_96',732,,968,17,0,16 13,0,170,,969,17,,,0,100,,974,17,,,0,100,,970,17,,,0,100,,975,17,,,0,100,,971,17,,,0,100,,976,17,,,0,100,,972,17,,,0,100,,977,17,,,0,100,,973,17,,,0,100,,978,17,,,0,100,,981,17,0,16 13,0,200,,979,17,0,16 13,0,200,,980,17,0,16 13,0
401,'c_71839_b_86639_d_31',642,,982,17,,,0,90,,985,17,,,0,70,,983,17,,,0,100,,984,17,,,0,100,,991,17,,,0,100,,986,17,,,0,100,,992,17,,,0,100,,987,17,,,0,100,,993,17,,,0,100,,988,17,,,0,100,,994,17,,,0,100,,989,17,,,0,100,,995,17,,,0,100,,990,17,0,16 13,0,200,,996,17,0,16 13,0,200,,997,17,0,16 13,0
401,'c_72078_b_87195_d_31',642,,1474,17,,,0,90,,1477,17,,,0,70,,1475,17,,,0,100,,1476,17,,,0,100,,1483,17,,,0,100,,1478,17,,,0,100,,1484,17,,,0,100,,1479,17,,,0,100,,1485,17,,,0,100,,1480,17,,,0,100,,1486,17,,,0,100,,1481,17,,,0,100,,1487,17,,,0,100,,1482,17,0,16 13,0,200,,1488,17,0,16 13,0,200,,1489,17,0,16 13,0
401,'c_72079_b_87196_d_32',732,,1490,17,0,16 13,0,170,,1491,17,,,0,100,,1496,17,,,0,100,,1492,17,,,0,100,,1497,17,,,0,100,,1493,17,,,0,100,,1498,17,,,0,100,,1494,17,,,0,100,,1499,17,,,0,100,,1495,17,,,0,100,,1500,17,,,0,100,,1503,17,0,16 13,0,200,,1501,17,0,16 13,0,200,,1502,17,0,16 13,0
401,'c_72081_b_87198_d_64',1002,,1509,17,,,0,100,,1504,17,,,0,100,,1510,17,,,0,100,,1505,17,,,0,100,,1511,17,,,0,100,,1506,17,,,0,100,,1512,17,,,0,100,,1507,17,,,0,100,,1508,17,0,16 13,0
