301,'c_71837_b_86637_d_96',828,,887,13,,,0,100,,890,13,,,0,100,,888,13,,,0,100,,891,13,,,0,100,,889,13,,,0,100,,892,13,,,0,100,,886,13,,,0,100,,893,13,,,0,100,,895,13,,,0,100,,894,13,,,0,100,,896,13,,,0,130,,897,13,0,16 13,0,200,,898,13,0,16 13,0
301,'c_71839_b_86639_d_31',828,,900,13,,,0,100,,905,13,,,0,100,,901,13,,,0,100,,906,13,,,0,100,,902,13,,,0,100,,907,13,,,0,100,,899,13,,,0,100,,903,13,,,0,100,,910,13,,,0,100,,904,13,,,0,100,,911,13,,,0,130,,908,13,0,16 13,0,200,,909,13,0,16 13,0
301,'c_72078_b_87195_d_31',828,,1364,13,,,0,100,,1372,13,,,0,100,,1365,13,,,0,100,,1373,13,,,0,100,,1366,13,,,0,100,,1374,13,,,0,100,,1369,13,,,0,100,,1370,13,,,0,100,,1375,13,,,0,100,,1371,13,,,0,100,,1376,13,,,0,130,,1367,13,0,16 13,0,200,,1368,13,0,16 13,0
301,'c_72079_b_87196_d_32',828,,1378,13,,,0,100,,1381,13,,,0,100,,1379,13,,,0,100,,1382,13,,,0,100,,1380,13,,,0,100,,1383,13,,,0,100,,1377,13,,,0,100,,1384,13,,,0,100,,1386,13,,,0,100,,1385,13,,,0,100,,1387,13,,,0,130,,1388,13,0,16 13,0,200,,1389,13,0,16 13,0
301,'c_72081_b_87198_d_64',928,,1394,13,,,0,100,,1390,13,,,0,100,,1395,13,,,0,100,,1391,13,,,0,100,,1396,13,,,0,100,,1392,13,,,0,100,,1397,13,,,0,100,,1393,13,,,0,100,,1398,13,,,0
401,'c_71837_b_86637_d_96',728,,968,13,0,16 13,0,130,,969,13,,,0,100,,974,13,,,0,100,,970,13,,,0,100,,975,13,,,0,100,,971,13,,,0,100,,976,13,,,0,100,,972,13,,,0,100,,977,13,,,0,100,,973,13,,,0,100,,978,13,,,0,100,,981,13,0,16 13,0,200,,979,13,0,16 13,0,200,,980,13,0,16 13,0
401,'c_71839_b_86639_d_31',638,,982,13,,,0,90,,985,13,,,0,30,,983,13,,,0,100,,984,13,,,0,100,,991,13,,,0,100,,986,13,,,0,100,,992,13,,,0,100,,987,13,,,0,100,,993,13,,,0,100,,988,13,,,0,100,,994,13,,,0,100,,989,13,,,0,100,,995,13,,,0,100,,990,13,0,16 13,0,200,,996,13,0,16 13,0,200,,997,13,0,16 13,0
401,'c_72078_b_87195_d_31',638,,1474,13,,,0,90,,1477,13,,,0,30,,1475,13,,,0,100,,1476,13,,,0,100,,1483,13,,,0,100,,1478,13,,,0,100,,1484,13,,,0,100,,1479,13,,,0,100,,1485,13,,,0,100,,1480,13,,,0,100,,1486,13,,,0,100,,1481,13,,,0,100,,1487,13,,,0,100,,1482,13,0,16 13,0,200,,1488,13,0,16 13,0,200,,1489,13,0,16 13,0
401,'c_72079_b_87196_d_32',728,,1490,13,0,16 13,0,130,,1491,13,,,0,100,,1496,13,,,0,100,,1492,13,,,0,100,,1497,13,,,0,100,,1493,13,,,0,100,,1498,13,,,0,100,,1494,13,,,0,100,,1499,13,,,0,100,,1495,13,,,0,100,,1500,13,,,0,100,,1503,13,0,16 13,0,200,,1501,13,0,16 13,0,200,,1502,13,0,16 13,0
401,'c_72081_b_87198_d_64',958,,1509,13,,,0,100,,1504,13,,,0,100,,1510,13,,,0,100,,1505,13,,,0,100,,1511,13,,,0,100,,1506,13,,,0,100,,1512,13,,,0,100,,1507,13,,,0,100,,1508,13,0,16 13,0
701,'c_71885_b_86774_d_31',706,,1071,16,,,0
701,'c_72080_b_87197_d_31',706,,1517,16,,,0
701,'c_72082_b_87203_d_31',706,,1518,16,,,0
801,'c_71885_b_86774_d_31',728,,1117,9,,,0,30,,1115,9,,,0,70,,1116,9,,,0,30,,1118,9,,,0,70,,1125,9,,,0,30,,1122,9,,,0,70,,1119,9,,,0,30,,1126,9,,,0,70,,1123,9,,,0,30,,1120,9,,,0,70,,1127,9,,,0,30,,1124,9,,,0,70,,1121,9,,,0,30,,1128,9,,,0,70,,1136,9,,,0,30,,1131,9,,,0,70,,1129,9,,,0,30,,1134,9,,,0,70,,1132,9,,,0,30,,1130,9,,,0,70,,1135,9,,,0,30,,1133,9,,,0
801,'c_72080_b_87197_d_31',728,,1597,9,,,0,30,,1595,9,,,0,70,,1596,9,,,0,30,,1598,9,,,0,70,,1605,9,,,0,30,,1602,9,,,0,70,,1599,9,,,0,30,,1606,9,,,0,70,,1603,9,,,0,30,,1600,9,,,0,70,,1607,9,,,0,30,,1604,9,,,0,70,,1601,9,,,0,30,,1608,9,,,0,70,,1616,9,,,0,30,,1611,9,,,0,70,,1609,9,,,0,30,,1614,9,,,0,70,,1612,9,,,0,30,,1610,9,,,0,70,,1615,9,,,0,30,,1613,9,,,0
801,'c_72082_b_87203_d_31',728,,1618,9,,,0,30,,1617,9,,,0,100,,1619,9,,,0,70,,1623,9,,,0,30,,1620,9,,,0,100,,1624,9,,,0,70,,1621,9,,,0,100,,1625,9,,,0,30,,1622,9,,,0,100,,1626,9,,,0,70,,1634,9,,,0,30,,1629,9,,,0,70,,1627,9,,,0,30,,1632,9,,,0,70,,1630,9,,,0,30,,1628,9,,,0,70,,1633,9,,,0,30,,1631,9,,,0
