101,'c_71837_b_86637_d_96',719,,789,19,,,0,100,,774,19,,,0,30,,790,19,,,0,70,,775,19,,,0,30,,793,19,,,0,70,,776,19,,,0,30,,794,19,,,0,70,,777,19,,,0,30,,795,19,,,0,70,,778,19,,,0,30,,796,19,,,0,70,,779,19,,,0,30,,797,19,,,0,70,,780,19,,,0,30,,798,19,,,0,70,,781,19,,,0,30,,799,19,,,0,70,,782,19,,,0,30,,800,19,,,0,70,,783,19,,,0,30,,791,19,,,0,70,,784,19,,,0,30,,792,19,,,0,100,,785,19,,,0,100,,786,19,,,0,100,,787,19,,,0,100,,788,19,,,0
101,'c_71839_b_86639_d_31',644,,811,19,,,0,70,,812,19,,,0,35,,821,19,,,0,70,,822,19,,,0,30,,829,19,,,0,70,,823,19,,,0,30,,801,19,,,0,70,,824,19,,,0,30,,803,19,,,0,70,,825,19,,,0,30,,804,19,,,0,70,,826,19,,,0,30,,805,19,,,0,70,,827,19,,,0,30,,806,19,,,0,70,,828,19,,,0,30,,807,19,,,0,70,,813,19,,,0,30,,808,19,,,0,70,,814,19,,,0,30,,809,19,,,0,70,,815,19,,,0,30,,810,19,,,0,70,,816,19,,,0,30,,802,19,,,0,100,,817,19,,,0,100,,818,19,,,0,100,,819,19,,,0,100,,820,19,,,0
101,'c_72078_b_87195_d_31',644,,1229,19,,,0,70,,1230,19,,,0,35,,1235,19,,,0,70,,1236,19,,,0,30,,1243,19,,,0,70,,1237,19,,,0,30,,1215,19,,,0,70,,1238,19,,,0,30,,1217,19,,,0,70,,1239,19,,,0,30,,1218,19,,,0,70,,1240,19,,,0,30,,1219,19,,,0,70,,1241,19,,,0,30,,1220,19,,,0,70,,1242,19,,,0,30,,1221,19,,,0,70,,1231,19,,,0,30,,1222,19,,,0,70,,1232,19,,,0,30,,1223,19,,,0,70,,1233,19,,,0,30,,1224,19,,,0,70,,1234,19,,,0,30,,1216,19,,,0,100,,1225,19,,,0,100,,1226,19,,,0,100,,1227,19,,,0,100,,1228,19,,,0
101,'c_72079_b_87196_d_32',719,,1259,19,,,0,100,,1244,19,,,0,30,,1260,19,,,0,70,,1245,19,,,0,30,,1263,19,,,0,70,,1246,19,,,0,30,,1264,19,,,0,70,,1247,19,,,0,30,,1265,19,,,0,70,,1248,19,,,0,30,,1266,19,,,0,70,,1249,19,,,0,30,,1267,19,,,0,70,,1250,19,,,0,30,,1268,19,,,0,70,,1251,19,,,0,30,,1269,19,,,0,70,,1252,19,,,0,30,,1270,19,,,0,70,,1253,19,,,0,30,,1261,19,,,0,70,,1254,19,,,0,30,,1262,19,,,0,100,,1255,19,,,0,100,,1256,19,,,0,100,,1257,19,,,0,100,,1258,19,,,0
101,'c_72081_b_87198_d_64',919,,1280,19,,,0,30,,1271,19,,,0,70,,1281,19,,,0,30,,1272,19,,,0,70,,1282,19,,,0,30,,1273,19,,,0,70,,1283,19,,,0,30,,1274,19,,,0,70,,1284,19,,,0,30,,1275,19,,,0,70,,1285,19,,,0,30,,1276,19,,,0,70,,1286,19,,,0,30,,1277,19,,,0,70,,1287,19,,,0,30,,1278,19,,,0,70,,1288,19,,,0,30,,1279,19,,,0
301,'c_71837_b_86637_d_96',2019,,897,31,0,16 13,0,200,,898,31,0,16 13,0
301,'c_71839_b_86639_d_31',2019,,908,31,0,16 13,0,200,,909,31,0,16 13,0
301,'c_72078_b_87195_d_31',2019,,1367,31,0,16 13,0,200,,1368,31,0,16 13,0
301,'c_72079_b_87196_d_32',2019,,1388,31,0,16 13,0,200,,1389,31,0,16 13,0
401,'c_71837_b_86637_d_96',749,,968,31,0,16 13,0,1170,,981,31,0,16 13,0,200,,979,31,0,16 13,0,200,,980,31,0,16 13,0
401,'c_71839_b_86639_d_31',1919,,990,31,0,16 13,0,200,,996,31,0,16 13,0,200,,997,31,0,16 13,0
401,'c_72078_b_87195_d_31',1919,,1482,31,0,16 13,0,200,,1488,31,0,16 13,0,200,,1489,31,0,16 13,0
401,'c_72079_b_87196_d_32',749,,1490,31,0,16 13,0,1170,,1503,31,0,16 13,0,200,,1501,31,0,16 13,0,200,,1502,31,0,16 13,0
401,'c_72081_b_87198_d_64',1819,,1508,31,0,16 13,0
