21290000,'c_70811_b_87199_d_14',800,,1645,1,,,0,30,,1646,1,,,0,70,,1646,10,4,,0
21290000,'c_70811_b_87199_d_31',900,,1647,1,,,0,30,,1657,1,,,0,70,,1658,1,,,0,30,,1659,1,,,0,70,,1660,1,,,0,30,,1661,1,,,0,70,,1662,1,,,0,30,,1663,1,,,0,70,,1664,1,,,0,30,,1664,10,4,,0,70,,1649,1,,,0,30,,1650,1,,,0,70,,1651,1,,,0,30,,1652,1,,,0,70,,1653,1,,,0,30,,1654,1,,,0,70,,1655,1,,,0,30,,1656,1,,,0,70,,1656,10,4,,0
21290000,'c_70811_b_87199_d_4',1800,,1665,1,,,0,30,,1665,10,4,,0,70,,1667,1,,,0,30,,1668,1,,,0,70,,1669,1,,,0,30,,1670,1,,,0,70,,1670,10,4,,0
21290000,'c_70811_b_87199_d_8',730,,1675,1,,,0,70,,1675,10,4,,0,1000,,1671,1,,,0,30,,1672,1,,,0,70,,1672,10,4,,0,30,,1673,10,4,,0,70,,1674,10,4,,0
21290000,'c_70811_b_87200_d_14',800,,1676,1,,,0,30,,1676,10,4,,0,70,,1677,10,4,,0
21290000,'c_70811_b_87200_d_31',900,,1678,1,,,0,30,,1688,1,,,0,70,,1689,1,,,0,30,,1689,10,4,,0,70,,1691,1,,,0,30,,1692,1,,,0,70,,1692,10,4,,0,30,,1694,1,,,0,70,,1695,1,,,0,30,,1679,1,,,0,70,,1680,1,,,0,30,,1681,1,,,0,70,,1682,1,,,0,30,,1683,1,,,0,70,,1684,1,,,0,30,,1685,1,,,0,70,,1686,1,,,0,30,,1687,1,,,0,70,,1687,10,4,,0
21290000,'c_70811_b_87200_d_4',1800,,1696,1,,,0,30,,1697,1,,,0,70,,1697,10,4,,0,30,,1698,10,4,,0,70,,1699,10,4,,0,30,,1700,10,4,,0,70,,1701,10,4,,0
21290000,'c_70811_b_87200_d_8',730,,1706,1,,,0,70,,1706,10,4,,0,1000,,1702,1,,,0,30,,1702,10,4,,0,70,,1703,10,4,,0,30,,1704,10,4,,0,70,,1705,10,4,,0
21290000,'c_70811_b_87201_d_14',800,,1707,1,,,0,30,,1708,1,,,0,70,,1708,10,4,,0
21290000,'c_70811_b_87201_d_31',900,,1709,1,,,0,30,,1719,1,,,0,70,,1719,10,4,,0,30,,1720,10,4,,0,70,,1721,10,4,,0,30,,1722,10,4,,0,70,,1724,1,,,0,30,,1724,10,4,,0,70,,1726,1,,,0,30,,1726,10,4,,0,70,,1710,10,4,,0,30,,1711,10,4,,0,70,,1712,10,4,,0,30,,1713,10,4,,0,70,,1714,10,4,,0,30,,1715,10,4,,0,70,,1717,1,,,0,30,,1717,10,4,,0,70,,1718,10,4,,0
21290000,'c_70811_b_87201_d_4',1800,,1727,1,,,0,30,,1728,1,,,0,70,,1729,1,,,0,30,,1730,1,,,0,70,,1730,10,4,,0,30,,1732,1,,,0,70,,1732,10,4,,0
21290000,'c_70811_b_87201_d_8',730,,1737,1,,,0,70,,1737,10,4,,0,1000,,1733,1,,,0,30,,1733,10,4,,0,70,,1735,1,,,0,30,,1736,1,,,0,70,,1736,10,4,,0
