21290000,'c_70811_b_87199_d_14',825,,1645,8,,,0,30,,1646,8,,,0
21290000,'c_70811_b_87199_d_31',925,,1647,8,,,0,30,,1657,8,,,0,70,,1658,8,,,0,30,,1659,8,,,0,70,,1660,8,,,0,30,,1661,8,,,0,70,,1662,8,,,0,30,,1663,8,,,0,70,,1664,8,,,0,30,,1648,8,,,0,70,,1649,8,,,0,30,,1650,8,,,0,70,,1651,8,,,0,30,,1652,8,,,0,70,,1653,8,,,0,30,,1654,8,,,0,70,,1655,8,,,0,30,,1656,8,,,0
21290000,'c_70811_b_87199_d_4',1825,,1665,8,,,0,30,,1666,8,,,0,70,,1667,8,,,0,30,,1668,8,,,0,70,,1669,8,,,0,30,,1670,8,,,0
21290000,'c_70811_b_87199_d_8',755,,1675,8,,,0,1070,,1671,8,,,0,30,,1672,8,,,0,70,,1673,8,,,0,30,,1674,8,,,0
21290000,'c_70811_b_87200_d_14',825,,1676,8,,,0,30,,1677,8,,,0
21290000,'c_70811_b_87200_d_31',925,,1678,8,,,0,30,,1688,8,,,0,70,,1689,8,,,0,30,,1690,8,,,0,70,,1691,8,,,0,30,,1692,8,,,0,70,,1693,8,,,0,30,,1694,8,,,0,70,,1695,8,,,0,30,,1679,8,,,0,70,,1680,8,,,0,30,,1681,8,,,0,70,,1682,8,,,0,30,,1683,8,,,0,70,,1684,8,,,0,30,,1685,8,,,0,70,,1686,8,,,0,30,,1687,8,,,0
21290000,'c_70811_b_87200_d_4',1825,,1696,8,,,0,30,,1697,8,,,0,70,,1698,8,,,0,30,,1699,8,,,0,70,,1700,8,,,0,30,,1701,8,,,0
21290000,'c_70811_b_87200_d_8',755,,1706,8,,,0,1070,,1702,8,,,0,30,,1703,8,,,0,70,,1704,8,,,0,30,,1705,8,,,0
21290000,'c_70811_b_87201_d_14',825,,1707,8,,,0,30,,1708,8,,,0
21290000,'c_70811_b_87201_d_31',925,,1709,8,,,0,30,,1719,8,,,0,70,,1720,8,,,0,30,,1721,8,,,0,70,,1722,8,,,0,30,,1723,8,,,0,70,,1724,8,,,0,30,,1725,8,,,0,70,,1726,8,,,0,30,,1710,8,,,0,70,,1711,8,,,0,30,,1712,8,,,0,70,,1713,8,,,0,30,,1714,8,,,0,70,,1715,8,,,0,30,,1716,8,,,0,70,,1717,8,,,0,30,,1718,8,,,0
21290000,'c_70811_b_87201_d_4',1825,,1727,8,,,0,30,,1728,8,,,0,70,,1729,8,,,0,30,,1730,8,,,0,70,,1731,8,,,0,30,,1732,8,,,0
21290000,'c_70811_b_87201_d_8',755,,1737,8,,,0,1070,,1733,8,,,0,30,,1734,8,,,0,70,,1735,8,,,0,30,,1736,8,,,0
