101,'c_71837_b_86637_d_96',716,,789,17,,,0,100,,774,17,,,0,30,,790,17,,,0,70,,775,17,,,0,30,,793,17,,,0,70,,776,17,,,0,30,,794,17,,,0,70,,777,17,,,0,30,,795,17,,,0,70,,778,17,,,0,30,,796,17,,,0,70,,779,17,,,0,30,,797,17,,,0,70,,780,17,,,0,30,,798,17,,,0,70,,781,17,,,0,30,,799,17,,,0,70,,782,17,,,0,30,,800,17,,,0,70,,783,17,,,0,30,,791,17,,,0,70,,784,17,,,0,30,,792,17,,,0,100,,785,17,,,0,100,,786,17,,,0,100,,787,17,,,0,100,,788,17,,,0
101,'c_71839_b_86639_d_31',641,,811,17,,,0,70,,812,17,,,0,35,,821,17,,,0,70,,822,17,,,0,30,,829,17,,,0,70,,823,17,,,0,30,,801,17,,,0,70,,824,17,,,0,30,,803,17,,,0,70,,825,17,,,0,30,,804,17,,,0,70,,826,17,,,0,30,,805,17,,,0,70,,827,17,,,0,30,,806,17,,,0,70,,828,17,,,0,30,,807,17,,,0,70,,813,17,,,0,30,,808,17,,,0,70,,814,17,,,0,30,,809,17,,,0,70,,815,17,,,0,30,,810,17,,,0,70,,816,17,,,0,30,,802,17,,,0,100,,817,17,,,0,100,,818,17,,,0,100,,819,17,,,0,100,,820,17,,,0
101,'c_72078_b_87195_d_31',641,,1229,17,,,0,70,,1230,17,,,0,35,,1235,17,,,0,70,,1236,17,,,0,30,,1243,17,,,0,70,,1237,17,,,0,30,,1215,17,,,0,70,,1238,17,,,0,30,,1217,17,,,0,70,,1239,17,,,0,30,,1218,17,,,0,70,,1240,17,,,0,30,,1219,17,,,0,70,,1241,17,,,0,30,,1220,17,,,0,70,,1242,17,,,0,30,,1221,17,,,0,70,,1231,17,,,0,30,,1222,17,,,0,70,,1232,17,,,0,30,,1223,17,,,0,70,,1233,17,,,0,30,,1224,17,,,0,70,,1234,17,,,0,30,,1216,17,,,0,100,,1225,17,,,0,100,,1226,17,,,0,100,,1227,17,,,0,100,,1228,17,,,0
101,'c_72079_b_87196_d_32',716,,1259,17,,,0,100,,1244,17,,,0,30,,1260,17,,,0,70,,1245,17,,,0,30,,1263,17,,,0,70,,1246,17,,,0,30,,1264,17,,,0,70,,1247,17,,,0,30,,1265,17,,,0,70,,1248,17,,,0,30,,1266,17,,,0,70,,1249,17,,,0,30,,1267,17,,,0,70,,1250,17,,,0,30,,1268,17,,,0,70,,1251,17,,,0,30,,1269,17,,,0,70,,1252,17,,,0,30,,1270,17,,,0,70,,1253,17,,,0,30,,1261,17,,,0,70,,1254,17,,,0,30,,1262,17,,,0,100,,1255,17,,,0,100,,1256,17,,,0,100,,1257,17,,,0,100,,1258,17,,,0
101,'c_72081_b_87198_d_64',916,,1280,17,,,0,30,,1271,17,,,0,70,,1281,17,,,0,30,,1272,17,,,0,70,,1282,17,,,0,30,,1273,17,,,0,70,,1283,17,,,0,30,,1274,17,,,0,70,,1284,17,,,0,30,,1275,17,,,0,70,,1285,17,,,0,30,,1276,17,,,0,70,,1286,17,,,0,30,,1277,17,,,0,70,,1287,17,,,0,30,,1278,17,,,0,70,,1288,17,,,0,30,,1279,17,,,0
301,'c_71837_b_86637_d_96',2016,,897,29,0,16 13,0,200,,898,29,0,16 13,0
301,'c_71839_b_86639_d_31',2016,,908,29,0,16 13,0,200,,909,29,0,16 13,0
301,'c_72078_b_87195_d_31',2016,,1367,29,0,16 13,0,200,,1368,29,0,16 13,0
301,'c_72079_b_87196_d_32',2016,,1388,29,0,16 13,0,200,,1389,29,0,16 13,0
401,'c_71837_b_86637_d_96',745,,968,29,0,16 13,0,1170,,981,29,0,16 13,0,200,,979,29,0,16 13,0,200,,980,29,0,16 13,0
401,'c_71839_b_86639_d_31',1916,,990,29,0,16 13,0,200,,996,29,0,16 13,0,200,,997,29,0,16 13,0
401,'c_72078_b_87195_d_31',1916,,1482,29,0,16 13,0,200,,1488,29,0,16 13,0,200,,1489,29,0,16 13,0
401,'c_72079_b_87196_d_32',745,,1490,29,0,16 13,0,1170,,1503,29,0,16 13,0,200,,1501,29,0,16 13,0,200,,1502,29,0,16 13,0
401,'c_72081_b_87198_d_64',1816,,1508,29,0,16 13,0
