300,'c_71837_b_86637_d_96',736,,848,24,,,0,100,,845,24,,,0,100,,849,24,,,0,100,,846,24,,,0,100,,850,24,,,0,100,,847,24,,,0,100,,851,24,,,0,100,,833,24,,,0,100,,852,24,,,0,100,,834,24,,,0,100,,853,24,,,0,170,,830,24,,,0,200,,831,24,,,0,200,,832,24,,,0
300,'c_71839_b_86639_d_31',731,,865,24,,,0,105,,866,24,,,0,100,,869,24,,,0,100,,867,24,,,0,100,,870,24,,,0,100,,868,24,,,0,100,,871,24,,,0,100,,860,24,,,0,100,,858,24,,,0,100,,861,24,,,0,100,,859,24,,,0,170,,862,24,,,0,200,,863,24,,,0,200,,864,24,,,0
300,'c_72078_b_87195_d_31',731,,1292,24,,,0,105,,1311,24,,,0,100,,1314,24,,,0,100,,1312,24,,,0,100,,1315,24,,,0,100,,1313,24,,,0,100,,1316,24,,,0,100,,1309,24,,,0,100,,1307,24,,,0,100,,1310,24,,,0,100,,1308,24,,,0,170,,1289,24,,,0,200,,1290,24,,,0,200,,1291,24,,,0
300,'c_72079_b_87196_d_32',736,,1339,24,,,0,100,,1336,24,,,0,100,,1340,24,,,0,100,,1337,24,,,0,100,,1341,24,,,0,100,,1338,24,,,0,100,,1342,24,,,0,100,,1334,24,,,0,100,,1343,24,,,0,100,,1335,24,,,0,100,,1344,24,,,0,170,,1331,24,,,0,200,,1332,24,,,0,200,,1333,24,,,0
300,'c_72081_b_87198_d_64',936,,1349,24,,,0,100,,1345,24,,,0,100,,1350,24,,,0,100,,1346,24,,,0,100,,1351,24,,,0,100,,1347,24,,,0,100,,1352,24,,,0,100,,1348,24,,,0,100,,1353,24,,,0
400,'c_71837_b_86637_d_96',904,,933,24,,,0,100,,921,24,,,0,100,,934,24,,,0,100,,922,24,,,0,100,,935,24,,,0,100,,923,24,,,0,100,,936,24,,,0,100,,924,24,,,0,100,,937,24,,,0,100,,925,24,,,0,200,,912,24,,,0,200,,913,24,,,0
400,'c_71839_b_86639_d_31',701,,966,24,,,0,105,,944,24,,,0,100,,942,24,,,0,100,,961,24,,,0,100,,957,24,,,0,100,,962,24,,,0,100,,958,24,,,0,100,,963,24,,,0,100,,959,24,,,0,100,,964,24,,,0,100,,960,24,,,0,100,,965,24,,,0,200,,940,24,,,0,200,,941,24,,,0
400,'c_72078_b_87195_d_31',701,,1428,24,,,0,105,,1405,24,,,0,100,,1403,24,,,0,100,,1422,24,,,0,100,,1418,24,,,0,100,,1423,24,,,0,100,,1419,24,,,0,100,,1424,24,,,0,100,,1420,24,,,0,100,,1425,24,,,0,100,,1421,24,,,0,100,,1426,24,,,0,200,,1401,24,,,0,200,,1402,24,,,0
400,'c_72079_b_87196_d_32',904,,1450,24,,,0,100,,1438,24,,,0,100,,1451,24,,,0,100,,1439,24,,,0,100,,1452,24,,,0,100,,1440,24,,,0,100,,1453,24,,,0,100,,1441,24,,,0,100,,1454,24,,,0,100,,1442,24,,,0,200,,1429,24,,,0,200,,1430,24,,,0
400,'c_72081_b_87198_d_64',1006,,1459,24,,,0,100,,1455,24,,,0,100,,1460,24,,,0,100,,1456,24,,,0,100,,1461,24,,,0,100,,1457,24,,,0,100,,1462,24,,,0,100,,1458,24,,,0,100,,1463,24,,,0
700,'c_71885_b_86774_d_31',1319,,1069,15,,,0,400,,1070,15,,,0
700,'c_72080_b_87197_d_31',1319,,1513,15,,,0,400,,1514,15,,,0
700,'c_72082_b_87203_d_31',1319,,1515,15,,,0,400,,1516,15,,,0
800,'c_71885_b_86774_d_31',715,,1089,12,,,0,30,,1075,12,,,0,70,,1097,12,,,0,30,,1090,12,,,0,70,,1074,12,,,0,30,,1091,12,,,0,70,,1101,12,,,0,30,,1098,12,,,0,70,,1092,12,,,0,30,,1102,12,,,0,70,,1099,12,,,0,30,,1093,12,,,0,100,,1100,12,,,0,70,,1094,12,,,0,30,,1106,12,,,0,70,,1104,12,,,0,30,,1103,12,,,0,70,,1095,12,,,0,30,,1105,12,,,0,100,,1096,12,,,0
800,'c_72080_b_87197_d_31',715,,1524,12,,,0,30,,1522,12,,,0,70,,1544,12,,,0,30,,1525,12,,,0,70,,1521,12,,,0,30,,1538,12,,,0,70,,1548,12,,,0,30,,1545,12,,,0,70,,1539,12,,,0,30,,1549,12,,,0,70,,1546,12,,,0,30,,1540,12,,,0,100,,1547,12,,,0,70,,1541,12,,,0,30,,1553,12,,,0,70,,1551,12,,,0,30,,1550,12,,,0,70,,1542,12,,,0,30,,1552,12,,,0,100,,1543,12,,,0
800,'c_72082_b_87203_d_31',715,,1565,12,,,0,100,,1577,12,,,0,30,,1566,12,,,0,70,,1563,12,,,0,100,,1581,12,,,0,30,,1578,12,,,0,100,,1582,12,,,0,70,,1579,12,,,0,130,,1580,12,,,0,100,,1586,12,,,0,70,,1584,12,,,0,30,,1583,12,,,0,70,,1575,12,,,0,30,,1585,12,,,0,100,,1576,12,,,0
