301,'c_71837_b_86637_d_96',824,,887,9,,,0,100,,890,9,,,0,100,,888,9,,,0,100,,891,9,,,0,100,,889,9,,,0,100,,892,9,,,0,100,,886,9,,,0,100,,893,9,,,0,100,,895,9,,,0,100,,894,9,,,0,100,,896,9,,,0,130,,897,9,0,16 13,0,200,,898,9,0,16 13,0
301,'c_71839_b_86639_d_31',824,,900,9,,,0,100,,905,9,,,0,100,,901,9,,,0,100,,906,9,,,0,100,,902,9,,,0,100,,907,9,,,0,100,,899,9,,,0,100,,903,9,,,0,100,,910,9,,,0,100,,904,9,,,0,100,,911,9,,,0,130,,908,9,0,16 13,0,200,,909,9,0,16 13,0
301,'c_72078_b_87195_d_31',824,,1364,9,,,0,100,,1372,9,,,0,100,,1365,9,,,0,100,,1373,9,,,0,100,,1366,9,,,0,100,,1374,9,,,0,100,,1369,9,,,0,100,,1370,9,,,0,100,,1375,9,,,0,100,,1371,9,,,0,100,,1376,9,,,0,130,,1367,9,0,16 13,0,200,,1368,9,0,16 13,0
301,'c_72079_b_87196_d_32',824,,1378,9,,,0,100,,1381,9,,,0,100,,1379,9,,,0,100,,1382,9,,,0,100,,1380,9,,,0,100,,1383,9,,,0,100,,1377,9,,,0,100,,1384,9,,,0,100,,1386,9,,,0,100,,1385,9,,,0,100,,1387,9,,,0,130,,1388,9,0,16 13,0,200,,1389,9,0,16 13,0
301,'c_72081_b_87198_d_64',924,,1394,9,,,0,100,,1390,9,,,0,100,,1395,9,,,0,100,,1391,9,,,0,100,,1396,9,,,0,100,,1392,9,,,0,100,,1397,9,,,0,100,,1393,9,,,0,100,,1398,9,,,0
401,'c_71837_b_86637_d_96',724,,968,9,0,16 13,0,130,,969,9,,,0,100,,974,9,,,0,100,,970,9,,,0,100,,975,9,,,0,100,,971,9,,,0,100,,976,9,,,0,100,,972,9,,,0,100,,977,9,,,0,100,,973,9,,,0,100,,978,9,,,0,100,,981,9,0,16 13,0,200,,979,9,0,16 13,0,200,,980,9,0,16 13,0
401,'c_71839_b_86639_d_31',634,,982,9,,,0,90,,985,9,,,0,30,,983,9,,,0,100,,984,9,,,0,100,,991,9,,,0,100,,986,9,,,0,100,,992,9,,,0,100,,987,9,,,0,100,,993,9,,,0,100,,988,9,,,0,100,,994,9,,,0,100,,989,9,,,0,100,,995,9,,,0,100,,990,9,0,16 13,0,200,,996,9,0,16 13,0,200,,997,9,0,16 13,0
401,'c_72078_b_87195_d_31',634,,1474,9,,,0,90,,1477,9,,,0,30,,1475,9,,,0,100,,1476,9,,,0,100,,1483,9,,,0,100,,1478,9,,,0,100,,1484,9,,,0,100,,1479,9,,,0,100,,1485,9,,,0,100,,1480,9,,,0,100,,1486,9,,,0,100,,1481,9,,,0,100,,1487,9,,,0,100,,1482,9,0,16 13,0,200,,1488,9,0,16 13,0,200,,1489,9,0,16 13,0
401,'c_72079_b_87196_d_32',724,,1490,9,0,16 13,0,130,,1491,9,,,0,100,,1496,9,,,0,100,,1492,9,,,0,100,,1497,9,,,0,100,,1493,9,,,0,100,,1498,9,,,0,100,,1494,9,,,0,100,,1499,9,,,0,100,,1495,9,,,0,100,,1500,9,,,0,100,,1503,9,0,16 13,0,200,,1501,9,0,16 13,0,200,,1502,9,0,16 13,0
401,'c_72081_b_87198_d_64',954,,1509,9,,,0,100,,1504,9,,,0,100,,1510,9,,,0,100,,1505,9,,,0,100,,1511,9,,,0,100,,1506,9,,,0,100,,1512,9,,,0,100,,1507,9,,,0,100,,1508,9,0,16 13,0
701,'c_71885_b_86774_d_31',656,,1071,9,,,0
701,'c_72080_b_87197_d_31',656,,1517,9,,,0
701,'c_72082_b_87203_d_31',656,,1518,9,,,0
801,'c_71885_b_86774_d_31',722,,1117,5,,,0,30,,1115,5,,,0,70,,1116,5,,,0,30,,1118,5,,,0,70,,1125,5,,,0,30,,1122,5,,,0,70,,1119,5,,,0,30,,1126,5,,,0,70,,1123,5,,,0,30,,1120,5,,,0,70,,1127,5,,,0,30,,1124,5,,,0,70,,1121,5,,,0,30,,1128,5,,,0,70,,1136,5,,,0,30,,1131,5,,,0,70,,1129,5,,,0,30,,1134,5,,,0,70,,1132,5,,,0,30,,1130,5,,,0,70,,1135,5,,,0,30,,1133,5,,,0
801,'c_72080_b_87197_d_31',722,,1597,5,,,0,30,,1595,5,,,0,70,,1596,5,,,0,30,,1598,5,,,0,70,,1605,5,,,0,30,,1602,5,,,0,70,,1599,5,,,0,30,,1606,5,,,0,70,,1603,5,,,0,30,,1600,5,,,0,70,,1607,5,,,0,30,,1604,5,,,0,70,,1601,5,,,0,30,,1608,5,,,0,70,,1616,5,,,0,30,,1611,5,,,0,70,,1609,5,,,0,30,,1614,5,,,0,70,,1612,5,,,0,30,,1610,5,,,0,70,,1615,5,,,0,30,,1613,5,,,0
801,'c_72082_b_87203_d_31',722,,1618,5,,,0,30,,1617,5,,,0,100,,1619,5,,,0,70,,1623,5,,,0,30,,1620,5,,,0,100,,1624,5,,,0,70,,1621,5,,,0,100,,1625,5,,,0,30,,1622,5,,,0,100,,1626,5,,,0,70,,1634,5,,,0,30,,1629,5,,,0,70,,1627,5,,,0,30,,1632,5,,,0,70,,1630,5,,,0,30,,1628,5,,,0,70,,1633,5,,,0,30,,1631,5,,,0
