300,'c_71837_b_86637_d_96',744,,848,29,,,0,100,,845,29,,,0,100,,849,29,,,0,100,,846,29,,,0,100,,850,29,,,0,100,,847,29,,,0,100,,851,29,,,0,100,,833,29,,,0,100,,852,29,,,0,100,,834,29,,,0,100,,853,29,,,0,170,,830,29,,,0,200,,831,29,,,0,200,,832,29,,,0
300,'c_71839_b_86639_d_31',739,,865,29,,,0,105,,866,29,,,0,100,,869,29,,,0,100,,867,29,,,0,100,,870,29,,,0,100,,868,29,,,0,100,,871,29,,,0,100,,860,29,,,0,100,,858,29,,,0,100,,861,29,,,0,100,,859,29,,,0,170,,862,29,,,0,200,,863,29,,,0,200,,864,29,,,0
300,'c_72078_b_87195_d_31',739,,1292,29,,,0,105,,1311,29,,,0,100,,1314,29,,,0,100,,1312,29,,,0,100,,1315,29,,,0,100,,1313,29,,,0,100,,1316,29,,,0,100,,1309,29,,,0,100,,1307,29,,,0,100,,1310,29,,,0,100,,1308,29,,,0,170,,1289,29,,,0,200,,1290,29,,,0,200,,1291,29,,,0
300,'c_72079_b_87196_d_32',744,,1339,29,,,0,100,,1336,29,,,0,100,,1340,29,,,0,100,,1337,29,,,0,100,,1341,29,,,0,100,,1338,29,,,0,100,,1342,29,,,0,100,,1334,29,,,0,100,,1343,29,,,0,100,,1335,29,,,0,100,,1344,29,,,0,170,,1331,29,,,0,200,,1332,29,,,0,200,,1333,29,,,0
300,'c_72081_b_87198_d_64',944,,1349,29,,,0,100,,1345,29,,,0,100,,1350,29,,,0,100,,1346,29,,,0,100,,1351,29,,,0,100,,1347,29,,,0,100,,1352,29,,,0,100,,1348,29,,,0,100,,1353,29,,,0
400,'c_71837_b_86637_d_96',913,,933,29,,,0,100,,921,29,,,0,100,,934,29,,,0,100,,922,29,,,0,100,,935,29,,,0,100,,923,29,,,0,100,,936,29,,,0,100,,924,29,,,0,100,,937,29,,,0,100,,925,29,,,0,200,,912,29,,,0,200,,913,29,,,0
400,'c_71839_b_86639_d_31',709,,966,29,,,0,105,,944,29,,,0,100,,942,29,,,0,100,,961,29,,,0,100,,957,29,,,0,100,,962,29,,,0,100,,958,29,,,0,100,,963,29,,,0,100,,959,29,,,0,100,,964,29,,,0,100,,960,29,,,0,100,,965,29,,,0,200,,940,29,,,0,200,,941,29,,,0
400,'c_72078_b_87195_d_31',709,,1428,29,,,0,105,,1405,29,,,0,100,,1403,29,,,0,100,,1422,29,,,0,100,,1418,29,,,0,100,,1423,29,,,0,100,,1419,29,,,0,100,,1424,29,,,0,100,,1420,29,,,0,100,,1425,29,,,0,100,,1421,29,,,0,100,,1426,29,,,0,200,,1401,29,,,0,200,,1402,29,,,0
400,'c_72079_b_87196_d_32',913,,1450,29,,,0,100,,1438,29,,,0,100,,1451,29,,,0,100,,1439,29,,,0,100,,1452,29,,,0,100,,1440,29,,,0,100,,1453,29,,,0,100,,1441,29,,,0,100,,1454,29,,,0,100,,1442,29,,,0,200,,1429,29,,,0,200,,1430,29,,,0
400,'c_72081_b_87198_d_64',1014,,1459,29,,,0,100,,1455,29,,,0,100,,1460,29,,,0,100,,1456,29,,,0,100,,1461,29,,,0,100,,1457,29,,,0,100,,1462,29,,,0,100,,1458,29,,,0,100,,1463,29,,,0
