300,'c_71837_b_86637_d_96',748,,848,31,4,,0,2,,854,1,,,0,98,,845,31,4,,0,2,,835,1,,,0,98,,849,31,4,,0,2,,855,1,,,0,98,,846,31,4,,0,2,,836,1,,,0,98,,850,31,4,,0,2,,856,1,,,0,98,,847,31,4,,0,2,,837,1,,,0,98,,851,31,4,,0,2,,857,1,,,0,98,,833,31,4,,0,2,,838,1,,,0,98,,852,31,4,,0,2,,840,1,,,0,98,,834,31,4,,0,2,,839,1,,,0,98,,853,31,4,,0,2,,841,1,,,0,168,,830,31,4,,0,2,,842,1,,,0,198,,831,31,4,,0,2,,843,1,,,0,198,,832,31,4,,0,2,,844,1,,,0
300,'c_71839_b_86639_d_31',743,,865,31,4,,0,2,,882,1,,,0,103,,866,31,4,,0,2,,872,1,,,0,98,,869,31,4,,0,2,,883,1,,,0,98,,867,31,4,,0,2,,873,1,,,0,98,,870,31,4,,0,2,,884,1,,,0,98,,868,31,4,,0,2,,874,1,,,0,98,,871,31,4,,0,2,,885,1,,,0,98,,860,31,4,,0,2,,877,1,,,0,98,,858,31,4,,0,2,,875,1,,,0,98,,861,31,4,,0,2,,878,1,,,0,98,,859,31,4,,0,2,,876,1,,,0,168,,862,31,4,,0,2,,879,1,,,0,198,,863,31,4,,0,2,,880,1,,,0,198,,864,31,4,,0,2,,881,1,,,0
300,'c_72078_b_87195_d_31',743,,1292,31,4,,0,2,,1303,1,,,0,103,,1311,31,4,,0,2,,1293,1,,,0,98,,1314,31,4,,0,2,,1304,1,,,0,98,,1312,31,4,,0,2,,1294,1,,,0,98,,1315,31,4,,0,2,,1305,1,,,0,98,,1313,31,4,,0,2,,1295,1,,,0,98,,1316,31,4,,0,2,,1306,1,,,0,98,,1309,31,4,,0,2,,1298,1,,,0,98,,1307,31,4,,0,2,,1296,1,,,0,98,,1310,31,4,,0,2,,1299,1,,,0,98,,1308,31,4,,0,2,,1297,1,,,0,168,,1289,31,4,,0,2,,1300,1,,,0,198,,1290,31,4,,0,2,,1301,1,,,0,198,,1291,31,4,,0,2,,1302,1,,,0
300,'c_72079_b_87196_d_32',748,,1339,31,4,,0,2,,1327,1,,,0,98,,1336,31,4,,0,2,,1317,1,,,0,98,,1340,31,4,,0,2,,1328,1,,,0,98,,1337,31,4,,0,2,,1318,1,,,0,98,,1341,31,4,,0,2,,1329,1,,,0,98,,1338,31,4,,0,2,,1319,1,,,0,98,,1342,31,4,,0,2,,1330,1,,,0,98,,1334,31,4,,0,2,,1320,1,,,0,98,,1343,31,4,,0,2,,1322,1,,,0,98,,1335,31,4,,0,2,,1321,1,,,0,98,,1344,31,4,,0,2,,1323,1,,,0,168,,1331,31,4,,0,2,,1324,1,,,0,198,,1332,31,4,,0,2,,1325,1,,,0,198,,1333,31,4,,0,2,,1326,1,,,0
300,'c_72081_b_87198_d_64',850,,1354,1,,,0,98,,1349,31,4,,0,2,,1359,1,,,0,98,,1345,31,4,,0,2,,1355,1,,,0,98,,1350,31,4,,0,2,,1360,1,,,0,98,,1346,31,4,,0,2,,1356,1,,,0,98,,1351,31,4,,0,2,,1361,1,,,0,98,,1347,31,4,,0,2,,1357,1,,,0,98,,1352,31,4,,0,2,,1362,1,,,0,98,,1348,31,4,,0,2,,1358,1,,,0,98,,1353,31,4,,0,2,,1363,1,,,0
400,'c_71837_b_86637_d_96',650,,914,1,,,0,170,,915,1,,,0,98,,933,31,4,,0,2,,926,1,,,0,98,,921,31,4,,0,2,,916,1,,,0,98,,934,31,4,,0,2,,927,1,,,0,98,,922,31,4,,0,2,,917,1,,,0,98,,935,31,4,,0,2,,928,1,,,0,98,,923,31,4,,0,2,,918,1,,,0,98,,936,31,4,,0,2,,929,1,,,0,98,,924,31,4,,0,2,,919,1,,,0,98,,937,31,4,,0,2,,930,1,,,0,98,,925,31,4,,0,2,,920,1,,,0,198,,912,31,4,,0,2,,931,1,,,0,198,,913,31,4,,0,2,,932,1,,,0
400,'c_71839_b_86639_d_31',605,,943,1,,,0,45,,956,1,,,0,63,,966,31,4,,0,2,,967,1,,,0,105,,945,1,,,0,100,,951,1,,,0,98,,961,31,4,,0,2,,946,1,,,0,98,,957,31,4,,0,2,,952,1,,,0,98,,962,31,4,,0,2,,947,1,,,0,98,,958,31,4,,0,2,,953,1,,,0,98,,963,31,4,,0,2,,948,1,,,0,98,,959,31,4,,0,2,,954,1,,,0,98,,964,31,4,,0,2,,949,1,,,0,98,,960,31,4,,0,2,,955,1,,,0,98,,965,31,4,,0,2,,950,1,,,0,198,,940,31,4,,0,2,,938,1,,,0,198,,941,31,4,,0,2,,939,1,,,0
400,'c_72078_b_87195_d_31',605,,1404,1,,,0,45,,1417,1,,,0,63,,1428,31,4,,0,2,,1427,1,,,0,105,,1406,1,,,0,100,,1412,1,,,0,98,,1422,31,4,,0,2,,1407,1,,,0,98,,1418,31,4,,0,2,,1413,1,,,0,98,,1423,31,4,,0,2,,1408,1,,,0,98,,1419,31,4,,0,2,,1414,1,,,0,98,,1424,31,4,,0,2,,1409,1,,,0,98,,1420,31,4,,0,2,,1415,1,,,0,98,,1425,31,4,,0,2,,1410,1,,,0,98,,1421,31,4,,0,2,,1416,1,,,0,98,,1426,31,4,,0,2,,1411,1,,,0,198,,1401,31,4,,0,2,,1399,1,,,0,198,,1402,31,4,,0,2,,1400,1,,,0
400,'c_72079_b_87196_d_32',650,,1431,1,,,0,170,,1432,1,,,0,98,,1450,31,4,,0,2,,1443,1,,,0,98,,1438,31,4,,0,2,,1433,1,,,0,98,,1451,31,4,,0,2,,1444,1,,,0,98,,1439,31,4,,0,2,,1434,1,,,0,98,,1452,31,4,,0,2,,1445,1,,,0,98,,1440,31,4,,0,2,,1435,1,,,0,98,,1453,31,4,,0,2,,1446,1,,,0,98,,1441,31,4,,0,2,,1436,1,,,0,98,,1454,31,4,,0,2,,1447,1,,,0,98,,1442,31,4,,0,2,,1437,1,,,0,198,,1429,31,4,,0,2,,1448,1,,,0,198,,1430,31,4,,0,2,,1449,1,,,0
400,'c_72081_b_87198_d_64',920,,1469,1,,,0,98,,1459,31,4,,0,2,,1464,1,,,0,98,,1455,31,4,,0,2,,1470,1,,,0,98,,1460,31,4,,0,2,,1465,1,,,0,98,,1456,31,4,,0,2,,1471,1,,,0,98,,1461,31,4,,0,2,,1466,1,,,0,98,,1457,31,4,,0,2,,1472,1,,,0,98,,1462,31,4,,0,2,,1467,1,,,0,98,,1458,31,4,,0,2,,1473,1,,,0,98,,1463,31,4,,0,2,,1468,1,,,0
800,'c_71885_b_86774_d_31',655,,1081,1,,,0,68,,1089,15,4,,0,2,,1107,1,,,0,28,,1075,15,4,,0,2,,1072,1,,,0,68,,1097,15,4,,0,2,,1073,1,,,0,28,,1090,15,4,,0,2,,1108,1,,,0,70,,1109,1,,,0,28,,1091,15,4,,0,2,,1077,1,,,0,68,,1101,15,4,,0,2,,1085,1,,,0,28,,1098,15,4,,0,2,,1110,1,,,0,68,,1092,15,4,,0,2,,1078,1,,,0,28,,1102,15,4,,0,2,,1086,1,,,0,68,,1099,15,4,,0,2,,1111,1,,,0,28,,1093,15,4,,0,2,,1079,1,,,0,70,,1088,1,,,0,28,,1100,15,4,,0,2,,1112,1,,,0,68,,1094,15,4,,0,2,,1080,1,,,0,28,,1106,15,4,,0,2,,1082,1,,,0,68,,1104,15,4,,0,2,,1113,1,,,0,28,,1103,15,4,,0,2,,1076,1,,,0,68,,1095,15,4,,0,2,,1083,1,,,0,28,,1105,15,4,,0,2,,1114,1,,,0,70,,1087,1,,,0,28,,1096,15,4,,0,2,,1084,1,,,0
800,'c_72080_b_87197_d_31',655,,1530,1,,,0,68,,1524,15,4,,0,2,,1554,1,,,0,28,,1522,15,4,,0,2,,1519,1,,,0,68,,1544,15,4,,0,2,,1520,1,,,0,28,,1525,15,4,,0,2,,1555,1,,,0,70,,1556,1,,,0,28,,1538,15,4,,0,2,,1526,1,,,0,68,,1548,15,4,,0,2,,1534,1,,,0,28,,1545,15,4,,0,2,,1557,1,,,0,68,,1539,15,4,,0,2,,1527,1,,,0,28,,1549,15,4,,0,2,,1535,1,,,0,68,,1546,15,4,,0,2,,1558,1,,,0,28,,1540,15,4,,0,2,,1528,1,,,0,70,,1537,1,,,0,28,,1547,15,4,,0,2,,1559,1,,,0,68,,1541,15,4,,0,2,,1529,1,,,0,28,,1553,15,4,,0,2,,1531,1,,,0,68,,1551,15,4,,0,2,,1560,1,,,0,28,,1550,15,4,,0,2,,1523,1,,,0,68,,1542,15,4,,0,2,,1532,1,,,0,28,,1552,15,4,,0,2,,1561,1,,,0,70,,1536,1,,,0,28,,1543,15,4,,0,2,,1533,1,,,0
800,'c_72082_b_87203_d_31',655,,1567,1,,,0,68,,1565,15,4,,0,2,,1587,1,,,0,98,,1577,15,4,,0,2,,1562,1,,,0,28,,1566,15,4,,0,2,,1588,1,,,0,70,,1589,1,,,0,98,,1581,15,4,,0,2,,1571,1,,,0,28,,1578,15,4,,0,2,,1590,1,,,0,98,,1582,15,4,,0,2,,1572,1,,,0,68,,1579,15,4,,0,2,,1591,1,,,0,100,,1574,1,,,0,28,,1580,15,4,,0,2,,1592,1,,,0,98,,1586,15,4,,0,2,,1568,1,,,0,68,,1584,15,4,,0,2,,1593,1,,,0,28,,1583,15,4,,0,2,,1564,1,,,0,68,,1575,15,4,,0,2,,1569,1,,,0,28,,1585,15,4,,0,2,,1594,1,,,0,70,,1573,1,,,0,28,,1576,15,4,,0,2,,1570,1,,,0
900,'c_71885_b_86774_d_31',640,,1138,20,4,,0
900,'c_72080_b_87197_d_31',640,,1636,20,4,,0
900,'c_72082_b_87203_d_31',640,,1638,20,4,,0
