300,'c_71837_b_86637_d_96',731,,848,19,,,0,100,,845,19,,,0,100,,849,19,,,0,100,,846,19,,,0,100,,850,19,,,0,100,,847,19,,,0,100,,851,19,,,0,100,,833,19,,,0,100,,852,19,,,0,100,,834,19,,,0,100,,853,19,,,0,170,,830,19,,,0,200,,831,19,,,0,200,,832,19,,,0
300,'c_71839_b_86639_d_31',726,,865,19,,,0,105,,866,19,,,0,100,,869,19,,,0,100,,867,19,,,0,100,,870,19,,,0,100,,868,19,,,0,100,,871,19,,,0,100,,860,19,,,0,100,,858,19,,,0,100,,861,19,,,0,100,,859,19,,,0,170,,862,19,,,0,200,,863,19,,,0,200,,864,19,,,0
300,'c_72078_b_87195_d_31',726,,1292,19,,,0,105,,1311,19,,,0,100,,1314,19,,,0,100,,1312,19,,,0,100,,1315,19,,,0,100,,1313,19,,,0,100,,1316,19,,,0,100,,1309,19,,,0,100,,1307,19,,,0,100,,1310,19,,,0,100,,1308,19,,,0,170,,1289,19,,,0,200,,1290,19,,,0,200,,1291,19,,,0
300,'c_72079_b_87196_d_32',731,,1339,19,,,0,100,,1336,19,,,0,100,,1340,19,,,0,100,,1337,19,,,0,100,,1341,19,,,0,100,,1338,19,,,0,100,,1342,19,,,0,100,,1334,19,,,0,100,,1343,19,,,0,100,,1335,19,,,0,100,,1344,19,,,0,170,,1331,19,,,0,200,,1332,19,,,0,200,,1333,19,,,0
300,'c_72081_b_87198_d_64',931,,1349,19,,,0,100,,1345,19,,,0,100,,1350,19,,,0,100,,1346,19,,,0,100,,1351,19,,,0,100,,1347,19,,,0,100,,1352,19,,,0,100,,1348,19,,,0,100,,1353,19,,,0
400,'c_71837_b_86637_d_96',900,,933,19,,,0,100,,921,19,,,0,100,,934,19,,,0,100,,922,19,,,0,100,,935,19,,,0,100,,923,19,,,0,100,,936,19,,,0,100,,924,19,,,0,100,,937,19,,,0,100,,925,19,,,0,200,,912,19,,,0,200,,913,19,,,0
400,'c_71839_b_86639_d_31',656,,966,19,,,0,145,,944,19,,,0,100,,942,19,,,0,100,,961,19,,,0,100,,957,19,,,0,100,,962,19,,,0,100,,958,19,,,0,100,,963,19,,,0,100,,959,19,,,0,100,,964,19,,,0,100,,960,19,,,0,100,,965,19,,,0,200,,940,19,,,0,200,,941,19,,,0
400,'c_72078_b_87195_d_31',656,,1428,19,,,0,145,,1405,19,,,0,100,,1403,19,,,0,100,,1422,19,,,0,100,,1418,19,,,0,100,,1423,19,,,0,100,,1419,19,,,0,100,,1424,19,,,0,100,,1420,19,,,0,100,,1425,19,,,0,100,,1421,19,,,0,100,,1426,19,,,0,200,,1401,19,,,0,200,,1402,19,,,0
400,'c_72079_b_87196_d_32',900,,1450,19,,,0,100,,1438,19,,,0,100,,1451,19,,,0,100,,1439,19,,,0,100,,1452,19,,,0,100,,1440,19,,,0,100,,1453,19,,,0,100,,1441,19,,,0,100,,1454,19,,,0,100,,1442,19,,,0,200,,1429,19,,,0,200,,1430,19,,,0
400,'c_72081_b_87198_d_64',1001,,1459,19,,,0,100,,1455,19,,,0,100,,1460,19,,,0,100,,1456,19,,,0,100,,1461,19,,,0,100,,1457,19,,,0,100,,1462,19,,,0,100,,1458,19,,,0,100,,1463,19,,,0
700,'c_71885_b_86774_d_31',1308,,1069,7,,,0,400,,1070,7,,,0
700,'c_72080_b_87197_d_31',1308,,1513,7,,,0,400,,1514,7,,,0
700,'c_72082_b_87203_d_31',1308,,1515,7,,,0,400,,1516,7,,,0
800,'c_71885_b_86774_d_31',708,,1089,7,,,0,30,,1075,7,,,0,70,,1097,7,,,0,30,,1090,7,,,0,70,,1074,7,,,0,30,,1091,7,,,0,70,,1101,7,,,0,30,,1098,7,,,0,70,,1092,7,,,0,30,,1102,7,,,0,70,,1099,7,,,0,30,,1093,7,,,0,100,,1100,7,,,0,70,,1094,7,,,0,30,,1106,7,,,0,70,,1104,7,,,0,30,,1103,7,,,0,70,,1095,7,,,0,30,,1105,7,,,0,100,,1096,7,,,0
800,'c_72080_b_87197_d_31',708,,1524,7,,,0,30,,1522,7,,,0,70,,1544,7,,,0,30,,1525,7,,,0,70,,1521,7,,,0,30,,1538,7,,,0,70,,1548,7,,,0,30,,1545,7,,,0,70,,1539,7,,,0,30,,1549,7,,,0,70,,1546,7,,,0,30,,1540,7,,,0,100,,1547,7,,,0,70,,1541,7,,,0,30,,1553,7,,,0,70,,1551,7,,,0,30,,1550,7,,,0,70,,1542,7,,,0,30,,1552,7,,,0,100,,1543,7,,,0
800,'c_72082_b_87203_d_31',708,,1565,7,,,0,100,,1577,7,,,0,30,,1566,7,,,0,70,,1563,7,,,0,100,,1581,7,,,0,30,,1578,7,,,0,100,,1582,7,,,0,70,,1579,7,,,0,130,,1580,7,,,0,100,,1586,7,,,0,70,,1584,7,,,0,30,,1583,7,,,0,70,,1575,7,,,0,30,,1585,7,,,0,100,,1576,7,,,0
