301,'c_71837_b_86637_d_96',822,,887,7,,,0,100,,890,7,,,0,100,,888,7,,,0,100,,891,7,,,0,100,,889,7,,,0,100,,892,7,,,0,100,,886,7,,,0,100,,893,7,,,0,100,,895,7,,,0,100,,894,7,,,0,100,,896,7,,,0,130,,897,7,0,16 13,0,200,,898,7,0,16 13,0
301,'c_71839_b_86639_d_31',822,,900,7,,,0,100,,905,7,,,0,100,,901,7,,,0,100,,906,7,,,0,100,,902,7,,,0,100,,907,7,,,0,100,,899,7,,,0,100,,903,7,,,0,100,,910,7,,,0,100,,904,7,,,0,100,,911,7,,,0,130,,908,7,0,16 13,0,200,,909,7,0,16 13,0
301,'c_72078_b_87195_d_31',822,,1364,7,,,0,100,,1372,7,,,0,100,,1365,7,,,0,100,,1373,7,,,0,100,,1366,7,,,0,100,,1374,7,,,0,100,,1369,7,,,0,100,,1370,7,,,0,100,,1375,7,,,0,100,,1371,7,,,0,100,,1376,7,,,0,130,,1367,7,0,16 13,0,200,,1368,7,0,16 13,0
301,'c_72079_b_87196_d_32',822,,1378,7,,,0,100,,1381,7,,,0,100,,1379,7,,,0,100,,1382,7,,,0,100,,1380,7,,,0,100,,1383,7,,,0,100,,1377,7,,,0,100,,1384,7,,,0,100,,1386,7,,,0,100,,1385,7,,,0,100,,1387,7,,,0,130,,1388,7,0,16 13,0,200,,1389,7,0,16 13,0
301,'c_72081_b_87198_d_64',922,,1394,7,,,0,100,,1390,7,,,0,100,,1395,7,,,0,100,,1391,7,,,0,100,,1396,7,,,0,100,,1392,7,,,0,100,,1397,7,,,0,100,,1393,7,,,0,100,,1398,7,,,0
401,'c_71837_b_86637_d_96',722,,968,7,0,16 13,0,130,,969,7,,,0,100,,974,7,,,0,100,,970,7,,,0,100,,975,7,,,0,100,,971,7,,,0,100,,976,7,,,0,100,,972,7,,,0,100,,977,7,,,0,100,,973,7,,,0,100,,978,7,,,0,100,,981,7,0,16 13,0,200,,979,7,0,16 13,0,200,,980,7,0,16 13,0
401,'c_71839_b_86639_d_31',632,,982,7,,,0,90,,985,7,,,0,30,,983,7,,,0,100,,984,7,,,0,100,,991,7,,,0,100,,986,7,,,0,100,,992,7,,,0,100,,987,7,,,0,100,,993,7,,,0,100,,988,7,,,0,100,,994,7,,,0,100,,989,7,,,0,100,,995,7,,,0,100,,990,7,0,16 13,0,200,,996,7,0,16 13,0,200,,997,7,0,16 13,0
401,'c_72078_b_87195_d_31',632,,1474,7,,,0,90,,1477,7,,,0,30,,1475,7,,,0,100,,1476,7,,,0,100,,1483,7,,,0,100,,1478,7,,,0,100,,1484,7,,,0,100,,1479,7,,,0,100,,1485,7,,,0,100,,1480,7,,,0,100,,1486,7,,,0,100,,1481,7,,,0,100,,1487,7,,,0,100,,1482,7,0,16 13,0,200,,1488,7,0,16 13,0,200,,1489,7,0,16 13,0
401,'c_72079_b_87196_d_32',722,,1490,7,0,16 13,0,130,,1491,7,,,0,100,,1496,7,,,0,100,,1492,7,,,0,100,,1497,7,,,0,100,,1493,7,,,0,100,,1498,7,,,0,100,,1494,7,,,0,100,,1499,7,,,0,100,,1495,7,,,0,100,,1500,7,,,0,100,,1503,7,0,16 13,0,200,,1501,7,0,16 13,0,200,,1502,7,0,16 13,0
401,'c_72081_b_87198_d_64',952,,1509,7,,,0,100,,1504,7,,,0,100,,1510,7,,,0,100,,1505,7,,,0,100,,1511,7,,,0,100,,1506,7,,,0,100,,1512,7,,,0,100,,1507,7,,,0,100,,1508,7,0,16 13,0
701,'c_71885_b_86774_d_31',653,,1071,7,,,0
701,'c_72080_b_87197_d_31',653,,1517,7,,,0
701,'c_72082_b_87203_d_31',653,,1518,7,,,0
801,'c_71885_b_86774_d_31',720,,1117,3,,,0,30,,1115,3,,,0,70,,1116,3,,,0,30,,1118,3,,,0,70,,1125,3,,,0,30,,1122,3,,,0,70,,1119,3,,,0,30,,1126,3,,,0,70,,1123,3,,,0,30,,1120,3,,,0,70,,1127,3,,,0,30,,1124,3,,,0,70,,1121,3,,,0,30,,1128,3,,,0,70,,1136,3,,,0,30,,1131,3,,,0,70,,1129,3,,,0,30,,1134,3,,,0,70,,1132,3,,,0,30,,1130,3,,,0,70,,1135,3,,,0,30,,1133,3,,,0
801,'c_72080_b_87197_d_31',720,,1597,3,,,0,30,,1595,3,,,0,70,,1596,3,,,0,30,,1598,3,,,0,70,,1605,3,,,0,30,,1602,3,,,0,70,,1599,3,,,0,30,,1606,3,,,0,70,,1603,3,,,0,30,,1600,3,,,0,70,,1607,3,,,0,30,,1604,3,,,0,70,,1601,3,,,0,30,,1608,3,,,0,70,,1616,3,,,0,30,,1611,3,,,0,70,,1609,3,,,0,30,,1614,3,,,0,70,,1612,3,,,0,30,,1610,3,,,0,70,,1615,3,,,0,30,,1613,3,,,0
801,'c_72082_b_87203_d_31',720,,1618,3,,,0,30,,1617,3,,,0,100,,1619,3,,,0,70,,1623,3,,,0,30,,1620,3,,,0,100,,1624,3,,,0,70,,1621,3,,,0,100,,1625,3,,,0,30,,1622,3,,,0,100,,1626,3,,,0,70,,1634,3,,,0,30,,1629,3,,,0,70,,1627,3,,,0,30,,1632,3,,,0,70,,1630,3,,,0,30,,1628,3,,,0,70,,1633,3,,,0,30,,1631,3,,,0
