300,'c_71837_b_86637_d_96',756,,854,9,0,5,0,100,,835,9,0,5,0,100,,855,9,0,5,0,100,,836,9,0,5,0,100,,856,9,0,5,0,100,,837,9,0,5,0,100,,857,9,0,5,0,100,,838,9,0,5,0,100,,840,9,0,5,0,100,,839,9,0,5,0,100,,841,9,0,5,0,170,,842,9,0,5,0,200,,843,9,0,5,0,200,,844,9,0,5,0
300,'c_71839_b_86639_d_31',751,,882,9,0,5,0,105,,872,9,0,5,0,100,,883,9,0,5,0,100,,873,9,0,5,0,100,,884,9,0,5,0,100,,874,9,0,5,0,100,,885,9,0,5,0,100,,877,9,0,5,0,100,,875,9,0,5,0,100,,878,9,0,5,0,100,,876,9,0,5,0,170,,879,9,0,5,0,200,,880,9,0,5,0,200,,881,9,0,5,0
300,'c_72078_b_87195_d_31',751,,1303,9,0,5,0,105,,1293,9,0,5,0,100,,1304,9,0,5,0,100,,1294,9,0,5,0,100,,1305,9,0,5,0,100,,1295,9,0,5,0,100,,1306,9,0,5,0,100,,1298,9,0,5,0,100,,1296,9,0,5,0,100,,1299,9,0,5,0,100,,1297,9,0,5,0,170,,1300,9,0,5,0,200,,1301,9,0,5,0,200,,1302,9,0,5,0
300,'c_72079_b_87196_d_32',756,,1327,9,0,5,0,100,,1317,9,0,5,0,100,,1328,9,0,5,0,100,,1318,9,0,5,0,100,,1329,9,0,5,0,100,,1319,9,0,5,0,100,,1330,9,0,5,0,100,,1320,9,0,5,0,100,,1322,9,0,5,0,100,,1321,9,0,5,0,100,,1323,9,0,5,0,170,,1324,9,0,5,0,200,,1325,9,0,5,0,200,,1326,9,0,5,0
300,'c_72081_b_87198_d_64',856,,1354,9,0,5,0,100,,1359,9,0,5,0,100,,1355,9,0,5,0,100,,1360,9,0,5,0,100,,1356,9,0,5,0,100,,1361,9,0,5,0,100,,1357,9,0,5,0,100,,1362,9,0,5,0,100,,1358,9,0,5,0,100,,1363,9,0,5,0
800,'c_71885_b_86774_d_31',701,,1081,9,,,0,30,,1107,9,,,0,70,,1072,9,,,0,30,,1073,9,0,5 6,0,70,,1108,9,,,0,30,,1109,9,,,0,70,,1077,9,,,0,30,,1085,9,,,0,70,,1110,9,,,0,30,,1078,9,,,0,70,,1086,9,,,0,30,,1111,9,,,0,70,,1079,9,,,0,30,,1088,9,,,0,70,,1112,9,,,0,30,,1080,9,,,0,70,,1082,9,,,0,30,,1113,9,,,0,70,,1076,9,,,0,30,,1083,9,,,0,70,,1114,9,,,0,30,,1087,9,,,0,70,,1084,9,,,0
800,'c_72080_b_87197_d_31',701,,1530,9,,,0,30,,1554,9,,,0,70,,1519,9,,,0,30,,1520,9,0,5 6,0,70,,1555,9,,,0,30,,1556,9,,,0,70,,1526,9,,,0,30,,1534,9,,,0,70,,1557,9,,,0,30,,1527,9,,,0,70,,1535,9,,,0,30,,1558,9,,,0,70,,1528,9,,,0,30,,1537,9,,,0,70,,1559,9,,,0,30,,1529,9,,,0,70,,1531,9,,,0,30,,1560,9,,,0,70,,1523,9,,,0,30,,1532,9,,,0,70,,1561,9,,,0,30,,1536,9,,,0,70,,1533,9,,,0
800,'c_72082_b_87203_d_31',701,,1567,9,,,0,30,,1587,9,,,0,100,,1562,9,0,5 6,0,70,,1588,9,,,0,30,,1589,9,,,0,100,,1571,9,,,0,70,,1590,9,,,0,100,,1572,9,,,0,30,,1591,9,,,0,100,,1574,9,,,0,70,,1592,9,,,0,100,,1568,9,,,0,30,,1593,9,,,0,70,,1564,9,,,0,30,,1569,9,,,0,70,,1594,9,,,0,30,,1573,9,,,0,70,,1570,9,,,0
900,'c_71885_b_86774_d_31',611,,1137,9,0,7 14 8,0,20,,1138,9,,,0
900,'c_72080_b_87197_d_31',611,,1635,9,0,7 14 8,0,20,,1636,9,,,0
900,'c_72082_b_87203_d_31',611,,1637,9,0,7 14 8,0,20,,1638,9,,,0
