301,'c_71837_b_86637_d_96',825,,887,10,,,0,100,,890,10,,,0,100,,888,10,,,0,100,,891,10,,,0,100,,889,10,,,0,100,,892,10,,,0,100,,886,10,,,0,100,,893,10,,,0,100,,895,10,,,0,100,,894,10,,,0,100,,896,10,,,0,130,,897,10,0,16 13,0,200,,898,10,0,16 13,0
301,'c_71839_b_86639_d_31',825,,900,10,,,0,100,,905,10,,,0,100,,901,10,,,0,100,,906,10,,,0,100,,902,10,,,0,100,,907,10,,,0,100,,899,10,,,0,100,,903,10,,,0,100,,910,10,,,0,100,,904,10,,,0,100,,911,10,,,0,130,,908,10,0,16 13,0,200,,909,10,0,16 13,0
301,'c_72078_b_87195_d_31',825,,1364,10,,,0,100,,1372,10,,,0,100,,1365,10,,,0,100,,1373,10,,,0,100,,1366,10,,,0,100,,1374,10,,,0,100,,1369,10,,,0,100,,1370,10,,,0,100,,1375,10,,,0,100,,1371,10,,,0,100,,1376,10,,,0,130,,1367,10,0,16 13,0,200,,1368,10,0,16 13,0
301,'c_72079_b_87196_d_32',825,,1378,10,,,0,100,,1381,10,,,0,100,,1379,10,,,0,100,,1382,10,,,0,100,,1380,10,,,0,100,,1383,10,,,0,100,,1377,10,,,0,100,,1384,10,,,0,100,,1386,10,,,0,100,,1385,10,,,0,100,,1387,10,,,0,130,,1388,10,0,16 13,0,200,,1389,10,0,16 13,0
301,'c_72081_b_87198_d_64',925,,1394,10,,,0,100,,1390,10,,,0,100,,1395,10,,,0,100,,1391,10,,,0,100,,1396,10,,,0,100,,1392,10,,,0,100,,1397,10,,,0,100,,1393,10,,,0,100,,1398,10,,,0
401,'c_71837_b_86637_d_96',725,,968,10,0,16 13,0,130,,969,10,,,0,100,,974,10,,,0,100,,970,10,,,0,100,,975,10,,,0,100,,971,10,,,0,100,,976,10,,,0,100,,972,10,,,0,100,,977,10,,,0,100,,973,10,,,0,100,,978,10,,,0,100,,981,10,0,16 13,0,200,,979,10,0,16 13,0,200,,980,10,0,16 13,0
401,'c_71839_b_86639_d_31',635,,982,10,,,0,90,,985,10,,,0,30,,983,10,,,0,100,,984,10,,,0,100,,991,10,,,0,100,,986,10,,,0,100,,992,10,,,0,100,,987,10,,,0,100,,993,10,,,0,100,,988,10,,,0,100,,994,10,,,0,100,,989,10,,,0,100,,995,10,,,0,100,,990,10,0,16 13,0,200,,996,10,0,16 13,0,200,,997,10,0,16 13,0
401,'c_72078_b_87195_d_31',635,,1474,10,,,0,90,,1477,10,,,0,30,,1475,10,,,0,100,,1476,10,,,0,100,,1483,10,,,0,100,,1478,10,,,0,100,,1484,10,,,0,100,,1479,10,,,0,100,,1485,10,,,0,100,,1480,10,,,0,100,,1486,10,,,0,100,,1481,10,,,0,100,,1487,10,,,0,100,,1482,10,0,16 13,0,200,,1488,10,0,16 13,0,200,,1489,10,0,16 13,0
401,'c_72079_b_87196_d_32',725,,1490,10,0,16 13,0,130,,1491,10,,,0,100,,1496,10,,,0,100,,1492,10,,,0,100,,1497,10,,,0,100,,1493,10,,,0,100,,1498,10,,,0,100,,1494,10,,,0,100,,1499,10,,,0,100,,1495,10,,,0,100,,1500,10,,,0,100,,1503,10,0,16 13,0,200,,1501,10,0,16 13,0,200,,1502,10,0,16 13,0
401,'c_72081_b_87198_d_64',955,,1509,10,,,0,100,,1504,10,,,0,100,,1510,10,,,0,100,,1505,10,,,0,100,,1511,10,,,0,100,,1506,10,,,0,100,,1512,10,,,0,100,,1507,10,,,0,100,,1508,10,0,16 13,0
701,'c_71885_b_86774_d_31',657,,1071,10,,,0
701,'c_72080_b_87197_d_31',657,,1517,10,,,0
701,'c_72082_b_87203_d_31',657,,1518,10,,,0
801,'c_71885_b_86774_d_31',723,,1117,6,,,0,30,,1115,6,,,0,70,,1116,6,,,0,30,,1118,6,,,0,70,,1125,6,,,0,30,,1122,6,,,0,70,,1119,6,,,0,30,,1126,6,,,0,70,,1123,6,,,0,30,,1120,6,,,0,70,,1127,6,,,0,30,,1124,6,,,0,70,,1121,6,,,0,30,,1128,6,,,0,70,,1136,6,,,0,30,,1131,6,,,0,70,,1129,6,,,0,30,,1134,6,,,0,70,,1132,6,,,0,30,,1130,6,,,0,70,,1135,6,,,0,30,,1133,6,,,0
801,'c_72080_b_87197_d_31',723,,1597,6,,,0,30,,1595,6,,,0,70,,1596,6,,,0,30,,1598,6,,,0,70,,1605,6,,,0,30,,1602,6,,,0,70,,1599,6,,,0,30,,1606,6,,,0,70,,1603,6,,,0,30,,1600,6,,,0,70,,1607,6,,,0,30,,1604,6,,,0,70,,1601,6,,,0,30,,1608,6,,,0,70,,1616,6,,,0,30,,1611,6,,,0,70,,1609,6,,,0,30,,1614,6,,,0,70,,1612,6,,,0,30,,1610,6,,,0,70,,1615,6,,,0,30,,1613,6,,,0
801,'c_72082_b_87203_d_31',723,,1618,6,,,0,30,,1617,6,,,0,100,,1619,6,,,0,70,,1623,6,,,0,30,,1620,6,,,0,100,,1624,6,,,0,70,,1621,6,,,0,100,,1625,6,,,0,30,,1622,6,,,0,100,,1626,6,,,0,70,,1634,6,,,0,30,,1629,6,,,0,70,,1627,6,,,0,30,,1632,6,,,0,70,,1630,6,,,0,30,,1628,6,,,0,70,,1633,6,,,0,30,,1631,6,,,0
