21290000,'c_70811_b_87199_d_14',810,,1645,5,,,0,30,,1646,5,,,0
21290000,'c_70811_b_87199_d_31',910,,1647,5,,,0,30,,1657,5,,,0,70,,1658,5,,,0,30,,1659,5,,,0,70,,1660,5,,,0,30,,1661,5,,,0,70,,1662,5,,,0,30,,1663,5,,,0,70,,1664,5,,,0,30,,1648,5,,,0,70,,1649,5,,,0,30,,1650,5,,,0,70,,1651,5,,,0,30,,1652,5,,,0,70,,1653,5,,,0,30,,1654,5,,,0,70,,1655,5,,,0,30,,1656,5,,,0
21290000,'c_70811_b_87199_d_4',1810,,1665,5,,,0,30,,1666,5,,,0,70,,1667,5,,,0,30,,1668,5,,,0,70,,1669,5,,,0,30,,1670,5,,,0
21290000,'c_70811_b_87199_d_8',740,,1675,5,,,0,1070,,1671,5,,,0,30,,1672,5,,,0,70,,1673,5,,,0,30,,1674,5,,,0
21290000,'c_70811_b_87200_d_14',810,,1676,5,,,0,30,,1677,5,,,0
21290000,'c_70811_b_87200_d_31',910,,1678,5,,,0,30,,1688,5,,,0,70,,1689,5,,,0,30,,1690,5,,,0,70,,1691,5,,,0,30,,1692,5,,,0,70,,1693,5,,,0,30,,1694,5,,,0,70,,1695,5,,,0,30,,1679,5,,,0,70,,1680,5,,,0,30,,1681,5,,,0,70,,1682,5,,,0,30,,1683,5,,,0,70,,1684,5,,,0,30,,1685,5,,,0,70,,1686,5,,,0,30,,1687,5,,,0
21290000,'c_70811_b_87200_d_4',1810,,1696,5,,,0,30,,1697,5,,,0,70,,1698,5,,,0,30,,1699,5,,,0,70,,1700,5,,,0,30,,1701,5,,,0
21290000,'c_70811_b_87200_d_8',740,,1706,5,,,0,1070,,1702,5,,,0,30,,1703,5,,,0,70,,1704,5,,,0,30,,1705,5,,,0
21290000,'c_70811_b_87201_d_14',810,,1707,5,,,0,30,,1708,5,,,0
21290000,'c_70811_b_87201_d_31',910,,1709,5,,,0,30,,1719,5,,,0,70,,1720,5,,,0,30,,1721,5,,,0,70,,1722,5,,,0,30,,1723,5,,,0,70,,1724,5,,,0,30,,1725,5,,,0,70,,1726,5,,,0,30,,1710,5,,,0,70,,1711,5,,,0,30,,1712,5,,,0,70,,1713,5,,,0,30,,1714,5,,,0,70,,1715,5,,,0,30,,1716,5,,,0,70,,1717,5,,,0,30,,1718,5,,,0
21290000,'c_70811_b_87201_d_4',1810,,1727,5,,,0,30,,1728,5,,,0,70,,1729,5,,,0,30,,1730,5,,,0,70,,1731,5,,,0,30,,1732,5,,,0
21290000,'c_70811_b_87201_d_8',740,,1737,5,,,0,1070,,1733,5,,,0,30,,1734,5,,,0,70,,1735,5,,,0,30,,1736,5,,,0
