300,'c_71837_b_86637_d_96',733,,848,21,,,0,100,,845,21,,,0,100,,849,21,,,0,100,,846,21,,,0,100,,850,21,,,0,100,,847,21,,,0,100,,851,21,,,0,100,,833,21,,,0,100,,852,21,,,0,100,,834,21,,,0,100,,853,21,,,0,170,,830,21,,,0,200,,831,21,,,0,200,,832,21,,,0
300,'c_71839_b_86639_d_31',728,,865,21,,,0,105,,866,21,,,0,100,,869,21,,,0,100,,867,21,,,0,100,,870,21,,,0,100,,868,21,,,0,100,,871,21,,,0,100,,860,21,,,0,100,,858,21,,,0,100,,861,21,,,0,100,,859,21,,,0,170,,862,21,,,0,200,,863,21,,,0,200,,864,21,,,0
300,'c_72078_b_87195_d_31',728,,1292,21,,,0,105,,1311,21,,,0,100,,1314,21,,,0,100,,1312,21,,,0,100,,1315,21,,,0,100,,1313,21,,,0,100,,1316,21,,,0,100,,1309,21,,,0,100,,1307,21,,,0,100,,1310,21,,,0,100,,1308,21,,,0,170,,1289,21,,,0,200,,1290,21,,,0,200,,1291,21,,,0
300,'c_72079_b_87196_d_32',733,,1339,21,,,0,100,,1336,21,,,0,100,,1340,21,,,0,100,,1337,21,,,0,100,,1341,21,,,0,100,,1338,21,,,0,100,,1342,21,,,0,100,,1334,21,,,0,100,,1343,21,,,0,100,,1335,21,,,0,100,,1344,21,,,0,170,,1331,21,,,0,200,,1332,21,,,0,200,,1333,21,,,0
300,'c_72081_b_87198_d_64',933,,1349,21,,,0,100,,1345,21,,,0,100,,1350,21,,,0,100,,1346,21,,,0,100,,1351,21,,,0,100,,1347,21,,,0,100,,1352,21,,,0,100,,1348,21,,,0,100,,1353,21,,,0
400,'c_71837_b_86637_d_96',901,,933,21,,,0,100,,921,21,,,0,100,,934,21,,,0,100,,922,21,,,0,100,,935,21,,,0,100,,923,21,,,0,100,,936,21,,,0,100,,924,21,,,0,100,,937,21,,,0,100,,925,21,,,0,200,,912,21,,,0,200,,913,21,,,0
400,'c_71839_b_86639_d_31',658,,966,21,,,0,145,,944,21,,,0,100,,942,21,,,0,100,,961,21,,,0,100,,957,21,,,0,100,,962,21,,,0,100,,958,21,,,0,100,,963,21,,,0,100,,959,21,,,0,100,,964,21,,,0,100,,960,21,,,0,100,,965,21,,,0,200,,940,21,,,0,200,,941,21,,,0
400,'c_72078_b_87195_d_31',658,,1428,21,,,0,145,,1405,21,,,0,100,,1403,21,,,0,100,,1422,21,,,0,100,,1418,21,,,0,100,,1423,21,,,0,100,,1419,21,,,0,100,,1424,21,,,0,100,,1420,21,,,0,100,,1425,21,,,0,100,,1421,21,,,0,100,,1426,21,,,0,200,,1401,21,,,0,200,,1402,21,,,0
400,'c_72079_b_87196_d_32',901,,1450,21,,,0,100,,1438,21,,,0,100,,1451,21,,,0,100,,1439,21,,,0,100,,1452,21,,,0,100,,1440,21,,,0,100,,1453,21,,,0,100,,1441,21,,,0,100,,1454,21,,,0,100,,1442,21,,,0,200,,1429,21,,,0,200,,1430,21,,,0
400,'c_72081_b_87198_d_64',1003,,1459,21,,,0,100,,1455,21,,,0,100,,1460,21,,,0,100,,1456,21,,,0,100,,1461,21,,,0,100,,1457,21,,,0,100,,1462,21,,,0,100,,1458,21,,,0,100,,1463,21,,,0
700,'c_71885_b_86774_d_31',1317,,1069,12,,,0,400,,1070,12,,,0
700,'c_72080_b_87197_d_31',1317,,1513,12,,,0,400,,1514,12,,,0
700,'c_72082_b_87203_d_31',1317,,1515,12,,,0,400,,1516,12,,,0
800,'c_71885_b_86774_d_31',712,,1089,9,,,0,30,,1075,9,,,0,70,,1097,9,,,0,30,,1090,9,,,0,70,,1074,9,,,0,30,,1091,9,,,0,70,,1101,9,,,0,30,,1098,9,,,0,70,,1092,9,,,0,30,,1102,9,,,0,70,,1099,9,,,0,30,,1093,9,,,0,100,,1100,9,,,0,70,,1094,9,,,0,30,,1106,9,,,0,70,,1104,9,,,0,30,,1103,9,,,0,70,,1095,9,,,0,30,,1105,9,,,0,100,,1096,9,,,0
800,'c_72080_b_87197_d_31',712,,1524,9,,,0,30,,1522,9,,,0,70,,1544,9,,,0,30,,1525,9,,,0,70,,1521,9,,,0,30,,1538,9,,,0,70,,1548,9,,,0,30,,1545,9,,,0,70,,1539,9,,,0,30,,1549,9,,,0,70,,1546,9,,,0,30,,1540,9,,,0,100,,1547,9,,,0,70,,1541,9,,,0,30,,1553,9,,,0,70,,1551,9,,,0,30,,1550,9,,,0,70,,1542,9,,,0,30,,1552,9,,,0,100,,1543,9,,,0
800,'c_72082_b_87203_d_31',712,,1565,9,,,0,100,,1577,9,,,0,30,,1566,9,,,0,70,,1563,9,,,0,100,,1581,9,,,0,30,,1578,9,,,0,100,,1582,9,,,0,70,,1579,9,,,0,130,,1580,9,,,0,100,,1586,9,,,0,70,,1584,9,,,0,30,,1583,9,,,0,70,,1575,9,,,0,30,,1585,9,,,0,100,,1576,9,,,0
