101,'c_71837_b_86637_d_96',717,,789,18,,,0,100,,774,18,,,0,30,,790,18,,,0,70,,775,18,,,0,30,,793,18,,,0,70,,776,18,,,0,30,,794,18,,,0,70,,777,18,,,0,30,,795,18,,,0,70,,778,18,,,0,30,,796,18,,,0,70,,779,18,,,0,30,,797,18,,,0,70,,780,18,,,0,30,,798,18,,,0,70,,781,18,,,0,30,,799,18,,,0,70,,782,18,,,0,30,,800,18,,,0,70,,783,18,,,0,30,,791,18,,,0,70,,784,18,,,0,30,,792,18,,,0,100,,785,18,,,0,100,,786,18,,,0,100,,787,18,,,0,100,,788,18,,,0
101,'c_71839_b_86639_d_31',642,,811,18,,,0,70,,812,18,,,0,35,,821,18,,,0,70,,822,18,,,0,30,,829,18,,,0,70,,823,18,,,0,30,,801,18,,,0,70,,824,18,,,0,30,,803,18,,,0,70,,825,18,,,0,30,,804,18,,,0,70,,826,18,,,0,30,,805,18,,,0,70,,827,18,,,0,30,,806,18,,,0,70,,828,18,,,0,30,,807,18,,,0,70,,813,18,,,0,30,,808,18,,,0,70,,814,18,,,0,30,,809,18,,,0,70,,815,18,,,0,30,,810,18,,,0,70,,816,18,,,0,30,,802,18,,,0,100,,817,18,,,0,100,,818,18,,,0,100,,819,18,,,0,100,,820,18,,,0
101,'c_72078_b_87195_d_31',642,,1229,18,,,0,70,,1230,18,,,0,35,,1235,18,,,0,70,,1236,18,,,0,30,,1243,18,,,0,70,,1237,18,,,0,30,,1215,18,,,0,70,,1238,18,,,0,30,,1217,18,,,0,70,,1239,18,,,0,30,,1218,18,,,0,70,,1240,18,,,0,30,,1219,18,,,0,70,,1241,18,,,0,30,,1220,18,,,0,70,,1242,18,,,0,30,,1221,18,,,0,70,,1231,18,,,0,30,,1222,18,,,0,70,,1232,18,,,0,30,,1223,18,,,0,70,,1233,18,,,0,30,,1224,18,,,0,70,,1234,18,,,0,30,,1216,18,,,0,100,,1225,18,,,0,100,,1226,18,,,0,100,,1227,18,,,0,100,,1228,18,,,0
101,'c_72079_b_87196_d_32',717,,1259,18,,,0,100,,1244,18,,,0,30,,1260,18,,,0,70,,1245,18,,,0,30,,1263,18,,,0,70,,1246,18,,,0,30,,1264,18,,,0,70,,1247,18,,,0,30,,1265,18,,,0,70,,1248,18,,,0,30,,1266,18,,,0,70,,1249,18,,,0,30,,1267,18,,,0,70,,1250,18,,,0,30,,1268,18,,,0,70,,1251,18,,,0,30,,1269,18,,,0,70,,1252,18,,,0,30,,1270,18,,,0,70,,1253,18,,,0,30,,1261,18,,,0,70,,1254,18,,,0,30,,1262,18,,,0,100,,1255,18,,,0,100,,1256,18,,,0,100,,1257,18,,,0,100,,1258,18,,,0
101,'c_72081_b_87198_d_64',917,,1280,18,,,0,30,,1271,18,,,0,70,,1281,18,,,0,30,,1272,18,,,0,70,,1282,18,,,0,30,,1273,18,,,0,70,,1283,18,,,0,30,,1274,18,,,0,70,,1284,18,,,0,30,,1275,18,,,0,70,,1285,18,,,0,30,,1276,18,,,0,70,,1286,18,,,0,30,,1277,18,,,0,70,,1287,18,,,0,30,,1278,18,,,0,70,,1288,18,,,0,30,,1279,18,,,0
301,'c_71837_b_86637_d_96',2017,,897,30,0,16 13,0,200,,898,30,0,16 13,0
301,'c_71839_b_86639_d_31',2017,,908,30,0,16 13,0,200,,909,30,0,16 13,0
301,'c_72078_b_87195_d_31',2017,,1367,30,0,16 13,0,200,,1368,30,0,16 13,0
301,'c_72079_b_87196_d_32',2017,,1388,30,0,16 13,0,200,,1389,30,0,16 13,0
401,'c_71837_b_86637_d_96',747,,968,30,0,16 13,0,1170,,981,30,0,16 13,0,200,,979,30,0,16 13,0,200,,980,30,0,16 13,0
401,'c_71839_b_86639_d_31',1917,,990,30,0,16 13,0,200,,996,30,0,16 13,0,200,,997,30,0,16 13,0
401,'c_72078_b_87195_d_31',1917,,1482,30,0,16 13,0,200,,1488,30,0,16 13,0,200,,1489,30,0,16 13,0
401,'c_72079_b_87196_d_32',747,,1490,30,0,16 13,0,1170,,1503,30,0,16 13,0,200,,1501,30,0,16 13,0,200,,1502,30,0,16 13,0
401,'c_72081_b_87198_d_64',1817,,1508,30,0,16 13,0
