300,'c_71837_b_86637_d_96',746,,848,30,,,0,100,,845,30,,,0,100,,849,30,,,0,100,,846,30,,,0,100,,850,30,,,0,100,,847,30,,,0,100,,851,30,,,0,100,,833,30,,,0,100,,852,30,,,0,100,,834,30,,,0,100,,853,30,,,0,170,,830,30,,,0,200,,831,30,,,0,200,,832,30,,,0
300,'c_71839_b_86639_d_31',741,,865,30,,,0,105,,866,30,,,0,100,,869,30,,,0,100,,867,30,,,0,100,,870,30,,,0,100,,868,30,,,0,100,,871,30,,,0,100,,860,30,,,0,100,,858,30,,,0,100,,861,30,,,0,100,,859,30,,,0,170,,862,30,,,0,200,,863,30,,,0,200,,864,30,,,0
300,'c_72078_b_87195_d_31',741,,1292,30,,,0,105,,1311,30,,,0,100,,1314,30,,,0,100,,1312,30,,,0,100,,1315,30,,,0,100,,1313,30,,,0,100,,1316,30,,,0,100,,1309,30,,,0,100,,1307,30,,,0,100,,1310,30,,,0,100,,1308,30,,,0,170,,1289,30,,,0,200,,1290,30,,,0,200,,1291,30,,,0
300,'c_72079_b_87196_d_32',746,,1339,30,,,0,100,,1336,30,,,0,100,,1340,30,,,0,100,,1337,30,,,0,100,,1341,30,,,0,100,,1338,30,,,0,100,,1342,30,,,0,100,,1334,30,,,0,100,,1343,30,,,0,100,,1335,30,,,0,100,,1344,30,,,0,170,,1331,30,,,0,200,,1332,30,,,0,200,,1333,30,,,0
300,'c_72081_b_87198_d_64',946,,1349,30,,,0,100,,1345,30,,,0,100,,1350,30,,,0,100,,1346,30,,,0,100,,1351,30,,,0,100,,1347,30,,,0,100,,1352,30,,,0,100,,1348,30,,,0,100,,1353,30,,,0
400,'c_71837_b_86637_d_96',915,,933,30,,,0,100,,921,30,,,0,100,,934,30,,,0,100,,922,30,,,0,100,,935,30,,,0,100,,923,30,,,0,100,,936,30,,,0,100,,924,30,,,0,100,,937,30,,,0,100,,925,30,,,0,200,,912,30,,,0,200,,913,30,,,0
400,'c_71839_b_86639_d_31',711,,966,30,,,0,105,,944,30,,,0,100,,942,30,,,0,100,,961,30,,,0,100,,957,30,,,0,100,,962,30,,,0,100,,958,30,,,0,100,,963,30,,,0,100,,959,30,,,0,100,,964,30,,,0,100,,960,30,,,0,100,,965,30,,,0,200,,940,30,,,0,200,,941,30,,,0
400,'c_72078_b_87195_d_31',711,,1428,30,,,0,105,,1405,30,,,0,100,,1403,30,,,0,100,,1422,30,,,0,100,,1418,30,,,0,100,,1423,30,,,0,100,,1419,30,,,0,100,,1424,30,,,0,100,,1420,30,,,0,100,,1425,30,,,0,100,,1421,30,,,0,100,,1426,30,,,0,200,,1401,30,,,0,200,,1402,30,,,0
400,'c_72079_b_87196_d_32',915,,1450,30,,,0,100,,1438,30,,,0,100,,1451,30,,,0,100,,1439,30,,,0,100,,1452,30,,,0,100,,1440,30,,,0,100,,1453,30,,,0,100,,1441,30,,,0,100,,1454,30,,,0,100,,1442,30,,,0,200,,1429,30,,,0,200,,1430,30,,,0
400,'c_72081_b_87198_d_64',1016,,1459,30,,,0,100,,1455,30,,,0,100,,1460,30,,,0,100,,1456,30,,,0,100,,1461,30,,,0,100,,1457,30,,,0,100,,1462,30,,,0,100,,1458,30,,,0,100,,1463,30,,,0
