301,'c_71837_b_86637_d_96',816,,887,3,,,0,100,,890,3,,,0,100,,888,3,,,0,100,,891,3,,,0,100,,889,3,,,0,100,,892,3,,,0,100,,886,3,,,0,100,,893,3,,,0,100,,895,3,,,0,100,,894,3,,,0,100,,896,3,,,0,130,,897,3,0,16 13,0,200,,898,3,0,16 13,0
301,'c_71839_b_86639_d_31',816,,900,3,,,0,100,,905,3,,,0,100,,901,3,,,0,100,,906,3,,,0,100,,902,3,,,0,100,,907,3,,,0,100,,899,3,,,0,100,,903,3,,,0,100,,910,3,,,0,100,,904,3,,,0,100,,911,3,,,0,130,,908,3,0,16 13,0,200,,909,3,0,16 13,0
301,'c_72078_b_87195_d_31',816,,1364,3,,,0,100,,1372,3,,,0,100,,1365,3,,,0,100,,1373,3,,,0,100,,1366,3,,,0,100,,1374,3,,,0,100,,1369,3,,,0,100,,1370,3,,,0,100,,1375,3,,,0,100,,1371,3,,,0,100,,1376,3,,,0,130,,1367,3,0,16 13,0,200,,1368,3,0,16 13,0
301,'c_72079_b_87196_d_32',816,,1378,3,,,0,100,,1381,3,,,0,100,,1379,3,,,0,100,,1382,3,,,0,100,,1380,3,,,0,100,,1383,3,,,0,100,,1377,3,,,0,100,,1384,3,,,0,100,,1386,3,,,0,100,,1385,3,,,0,100,,1387,3,,,0,130,,1388,3,0,16 13,0,200,,1389,3,0,16 13,0
301,'c_72081_b_87198_d_64',916,,1394,3,,,0,100,,1390,3,,,0,100,,1395,3,,,0,100,,1391,3,,,0,100,,1396,3,,,0,100,,1392,3,,,0,100,,1397,3,,,0,100,,1393,3,,,0,100,,1398,3,,,0
401,'c_71837_b_86637_d_96',716,,968,3,0,16 13,0,130,,969,3,,,0,100,,974,3,,,0,100,,970,3,,,0,100,,975,3,,,0,100,,971,3,,,0,100,,976,3,,,0,100,,972,3,,,0,100,,977,3,,,0,100,,973,3,,,0,100,,978,3,,,0,100,,981,3,0,16 13,0,200,,979,3,0,16 13,0,200,,980,3,0,16 13,0
401,'c_71839_b_86639_d_31',626,,982,3,,,0,90,,985,3,,,0,30,,983,3,,,0,100,,984,3,,,0,100,,991,3,,,0,100,,986,3,,,0,100,,992,3,,,0,100,,987,3,,,0,100,,993,3,,,0,100,,988,3,,,0,100,,994,3,,,0,100,,989,3,,,0,100,,995,3,,,0,100,,990,3,0,16 13,0,200,,996,3,0,16 13,0,200,,997,3,0,16 13,0
401,'c_72078_b_87195_d_31',626,,1474,3,,,0,90,,1477,3,,,0,30,,1475,3,,,0,100,,1476,3,,,0,100,,1483,3,,,0,100,,1478,3,,,0,100,,1484,3,,,0,100,,1479,3,,,0,100,,1485,3,,,0,100,,1480,3,,,0,100,,1486,3,,,0,100,,1481,3,,,0,100,,1487,3,,,0,100,,1482,3,0,16 13,0,200,,1488,3,0,16 13,0,200,,1489,3,0,16 13,0
401,'c_72079_b_87196_d_32',716,,1490,3,0,16 13,0,130,,1491,3,,,0,100,,1496,3,,,0,100,,1492,3,,,0,100,,1497,3,,,0,100,,1493,3,,,0,100,,1498,3,,,0,100,,1494,3,,,0,100,,1499,3,,,0,100,,1495,3,,,0,100,,1500,3,,,0,100,,1503,3,0,16 13,0,200,,1501,3,0,16 13,0,200,,1502,3,0,16 13,0
401,'c_72081_b_87198_d_64',946,,1509,3,,,0,100,,1504,3,,,0,100,,1510,3,,,0,100,,1505,3,,,0,100,,1511,3,,,0,100,,1506,3,,,0,100,,1512,3,,,0,100,,1507,3,,,0,100,,1508,3,0,16 13,0
701,'c_71885_b_86774_d_31',646,,1071,3,,,0
701,'c_72080_b_87197_d_31',646,,1517,3,,,0
701,'c_72082_b_87203_d_31',646,,1518,3,,,0
