100,'c_71837_b_86637_d_96',751,,724,6,,,0,100,,735,6,,,0,70,,725,6,,,0,30,,736,6,,,0,70,,727,6,,,0,30,,737,6,,,0,70,,728,6,,,0,30,,738,6,,,0,70,,729,6,,,0,30,,739,6,,,0,70,,730,6,,,0,30,,740,6,,,0,70,,731,6,,,0,30,,720,6,,,0,70,,732,6,,,0,30,,721,6,,,0,70,,733,6,,,0,30,,722,6,,,0,70,,734,6,,,0,30,,723,6,,,0,70,,726,6,,,0,100,,741,6,,,0,100,,742,6,,,0,100,,743,6,,,0,100,,744,6,,,0,100,,745,6,,,0
100,'c_71839_b_86639_d_31',721,,772,6,,,0,30,,746,6,,,0,70,,773,6,,,0,30,,747,6,,,0,70,,757,6,,,0,30,,748,6,,,0,70,,759,6,,,0,30,,749,6,,,0,70,,760,6,,,0,30,,750,6,,,0,70,,761,6,,,0,30,,751,6,,,0,70,,762,6,,,0,30,,752,6,,,0,70,,763,6,,,0,30,,753,6,,,0,70,,764,6,,,0,30,,754,6,,,0,70,,765,6,,,0,30,,755,6,,,0,70,,766,6,,,0,30,,756,6,,,0,70,,758,6,,,0,100,,767,6,,,0,100,,768,6,,,0,100,,769,6,,,0,100,,770,6,,,0,100,,771,6,,,0
100,'c_72078_b_87195_d_31',721,,1168,6,,,0,30,,1142,6,,,0,70,,1169,6,,,0,30,,1143,6,,,0,70,,1153,6,,,0,30,,1144,6,,,0,70,,1155,6,,,0,30,,1145,6,,,0,70,,1156,6,,,0,30,,1146,6,,,0,70,,1157,6,,,0,30,,1147,6,,,0,70,,1158,6,,,0,30,,1148,6,,,0,70,,1159,6,,,0,30,,1149,6,,,0,70,,1160,6,,,0,30,,1150,6,,,0,70,,1161,6,,,0,30,,1151,6,,,0,70,,1162,6,,,0,30,,1152,6,,,0,70,,1154,6,,,0,100,,1163,6,,,0,100,,1164,6,,,0,100,,1165,6,,,0,100,,1166,6,,,0,100,,1167,6,,,0
100,'c_72079_b_87196_d_32',751,,1174,6,,,0,100,,1185,6,,,0,70,,1175,6,,,0,30,,1186,6,,,0,70,,1177,6,,,0,30,,1187,6,,,0,70,,1178,6,,,0,30,,1188,6,,,0,70,,1179,6,,,0,30,,1189,6,,,0,70,,1180,6,,,0,30,,1190,6,,,0,70,,1181,6,,,0,30,,1170,6,,,0,70,,1182,6,,,0,30,,1171,6,,,0,70,,1183,6,,,0,30,,1172,6,,,0,70,,1184,6,,,0,30,,1173,6,,,0,70,,1176,6,,,0,100,,1191,6,,,0,100,,1192,6,,,0,100,,1193,6,,,0,100,,1194,6,,,0,100,,1195,6,,,0
100,'c_72081_b_87198_d_64',921,,1196,6,,,0,30,,1206,6,,,0,70,,1198,6,,,0,30,,1207,6,,,0,70,,1199,6,,,0,30,,1208,6,,,0,70,,1200,6,,,0,30,,1209,6,,,0,70,,1201,6,,,0,30,,1210,6,,,0,70,,1202,6,,,0,30,,1211,6,,,0,70,,1203,6,,,0,30,,1212,6,,,0,70,,1204,6,,,0,30,,1213,6,,,0,70,,1205,6,,,0,30,,1214,6,,,0,70,,1197,6,,,0
300,'c_71837_b_86637_d_96',719,,848,6,,,0,100,,845,6,,,0,100,,849,6,,,0,100,,846,6,,,0,100,,850,6,,,0,100,,847,6,,,0,100,,851,6,,,0,100,,833,6,,,0,100,,852,6,,,0,100,,834,6,,,0,100,,853,6,,,0,130,,830,6,,,0,200,,831,6,,,0,200,,832,6,,,0
300,'c_71839_b_86639_d_31',714,,865,6,,,0,105,,866,6,,,0,100,,869,6,,,0,100,,867,6,,,0,100,,870,6,,,0,100,,868,6,,,0,100,,871,6,,,0,100,,860,6,,,0,100,,858,6,,,0,100,,861,6,,,0,100,,859,6,,,0,130,,862,6,,,0,200,,863,6,,,0,200,,864,6,,,0
300,'c_72078_b_87195_d_31',714,,1292,6,,,0,105,,1311,6,,,0,100,,1314,6,,,0,100,,1312,6,,,0,100,,1315,6,,,0,100,,1313,6,,,0,100,,1316,6,,,0,100,,1309,6,,,0,100,,1307,6,,,0,100,,1310,6,,,0,100,,1308,6,,,0,130,,1289,6,,,0,200,,1290,6,,,0,200,,1291,6,,,0
300,'c_72079_b_87196_d_32',719,,1339,6,,,0,100,,1336,6,,,0,100,,1340,6,,,0,100,,1337,6,,,0,100,,1341,6,,,0,100,,1338,6,,,0,100,,1342,6,,,0,100,,1334,6,,,0,100,,1343,6,,,0,100,,1335,6,,,0,100,,1344,6,,,0,130,,1331,6,,,0,200,,1332,6,,,0,200,,1333,6,,,0
300,'c_72081_b_87198_d_64',919,,1349,6,,,0,100,,1345,6,,,0,100,,1350,6,,,0,100,,1346,6,,,0,100,,1351,6,,,0,100,,1347,6,,,0,100,,1352,6,,,0,100,,1348,6,,,0,100,,1353,6,,,0
400,'c_71837_b_86637_d_96',849,,933,6,,,0,100,,921,6,,,0,100,,934,6,,,0,100,,922,6,,,0,100,,935,6,,,0,100,,923,6,,,0,100,,936,6,,,0,100,,924,6,,,0,100,,937,6,,,0,100,,925,6,,,0,200,,912,6,,,0,200,,913,6,,,0
400,'c_71839_b_86639_d_31',644,,966,6,,,0,105,,944,6,,,0,100,,942,6,,,0,100,,961,6,,,0,100,,957,6,,,0,100,,962,6,,,0,100,,958,6,,,0,100,,963,6,,,0,100,,959,6,,,0,100,,964,6,,,0,100,,960,6,,,0,100,,965,6,,,0,200,,940,6,,,0,200,,941,6,,,0
400,'c_72078_b_87195_d_31',644,,1428,6,,,0,105,,1405,6,,,0,100,,1403,6,,,0,100,,1422,6,,,0,100,,1418,6,,,0,100,,1423,6,,,0,100,,1419,6,,,0,100,,1424,6,,,0,100,,1420,6,,,0,100,,1425,6,,,0,100,,1421,6,,,0,100,,1426,6,,,0,200,,1401,6,,,0,200,,1402,6,,,0
400,'c_72079_b_87196_d_32',849,,1450,6,,,0,100,,1438,6,,,0,100,,1451,6,,,0,100,,1439,6,,,0,100,,1452,6,,,0,100,,1440,6,,,0,100,,1453,6,,,0,100,,1441,6,,,0,100,,1454,6,,,0,100,,1442,6,,,0,200,,1429,6,,,0,200,,1430,6,,,0
400,'c_72081_b_87198_d_64',949,,1459,6,,,0,100,,1455,6,,,0,100,,1460,6,,,0,100,,1456,6,,,0,100,,1461,6,,,0,100,,1457,6,,,0,100,,1462,6,,,0,100,,1458,6,,,0,100,,1463,6,,,0
700,'c_71885_b_86774_d_31',1305,,1069,6,,,0,400,,1070,6,,,0
700,'c_72080_b_87197_d_31',1305,,1513,6,,,0,400,,1514,6,,,0
700,'c_72082_b_87203_d_31',1305,,1515,6,,,0,400,,1516,6,,,0
800,'c_71885_b_86774_d_31',705,,1089,6,,,0,30,,1075,6,,,0,70,,1097,6,,,0,30,,1090,6,,,0,70,,1074,6,,,0,30,,1091,6,,,0,70,,1101,6,,,0,30,,1098,6,,,0,70,,1092,6,,,0,30,,1102,6,,,0,70,,1099,6,,,0,30,,1093,6,,,0,100,,1100,6,,,0,70,,1094,6,,,0,30,,1106,6,,,0,70,,1104,6,,,0,30,,1103,6,,,0,70,,1095,6,,,0,30,,1105,6,,,0,100,,1096,6,,,0
800,'c_72080_b_87197_d_31',705,,1524,6,,,0,30,,1522,6,,,0,70,,1544,6,,,0,30,,1525,6,,,0,70,,1521,6,,,0,30,,1538,6,,,0,70,,1548,6,,,0,30,,1545,6,,,0,70,,1539,6,,,0,30,,1549,6,,,0,70,,1546,6,,,0,30,,1540,6,,,0,100,,1547,6,,,0,70,,1541,6,,,0,30,,1553,6,,,0,70,,1551,6,,,0,30,,1550,6,,,0,70,,1542,6,,,0,30,,1552,6,,,0,100,,1543,6,,,0
800,'c_72082_b_87203_d_31',705,,1565,6,,,0,100,,1577,6,,,0,30,,1566,6,,,0,70,,1563,6,,,0,100,,1581,6,,,0,30,,1578,6,,,0,100,,1582,6,,,0,70,,1579,6,,,0,130,,1580,6,,,0,100,,1586,6,,,0,70,,1584,6,,,0,30,,1583,6,,,0,70,,1575,6,,,0,30,,1585,6,,,0,100,,1576,6,,,0
