301,'c_71837_b_86637_d_96',841,,887,25,,,0,100,,890,25,,,0,100,,888,25,,,0,100,,891,25,,,0,100,,889,25,,,0,100,,892,25,,,0,100,,886,25,,,0,100,,893,25,,,0,100,,895,25,,,0,100,,894,25,,,0,100,,896,25,,,0,170,,897,25,0,16 13,0,200,,898,25,0,16 13,0
301,'c_71839_b_86639_d_31',841,,900,25,,,0,100,,905,25,,,0,100,,901,25,,,0,100,,906,25,,,0,100,,902,25,,,0,100,,907,25,,,0,100,,899,25,,,0,100,,903,25,,,0,100,,910,25,,,0,100,,904,25,,,0,100,,911,25,,,0,170,,908,25,0,16 13,0,200,,909,25,0,16 13,0
301,'c_72078_b_87195_d_31',841,,1364,25,,,0,100,,1372,25,,,0,100,,1365,25,,,0,100,,1373,25,,,0,100,,1366,25,,,0,100,,1374,25,,,0,100,,1369,25,,,0,100,,1370,25,,,0,100,,1375,25,,,0,100,,1371,25,,,0,100,,1376,25,,,0,170,,1367,25,0,16 13,0,200,,1368,25,0,16 13,0
301,'c_72079_b_87196_d_32',841,,1378,25,,,0,100,,1381,25,,,0,100,,1379,25,,,0,100,,1382,25,,,0,100,,1380,25,,,0,100,,1383,25,,,0,100,,1377,25,,,0,100,,1384,25,,,0,100,,1386,25,,,0,100,,1385,25,,,0,100,,1387,25,,,0,170,,1388,25,0,16 13,0,200,,1389,25,0,16 13,0
301,'c_72081_b_87198_d_64',941,,1394,25,,,0,100,,1390,25,,,0,100,,1395,25,,,0,100,,1391,25,,,0,100,,1396,25,,,0,100,,1392,25,,,0,100,,1397,25,,,0,100,,1393,25,,,0,100,,1398,25,,,0
401,'c_71837_b_86637_d_96',741,,968,25,0,16 13,0,170,,969,25,,,0,100,,974,25,,,0,100,,970,25,,,0,100,,975,25,,,0,100,,971,25,,,0,100,,976,25,,,0,100,,972,25,,,0,100,,977,25,,,0,100,,973,25,,,0,100,,978,25,,,0,100,,981,25,0,16 13,0,200,,979,25,0,16 13,0,200,,980,25,0,16 13,0
401,'c_71839_b_86639_d_31',651,,982,25,,,0,90,,985,25,,,0,70,,983,25,,,0,100,,984,25,,,0,100,,991,25,,,0,100,,986,25,,,0,100,,992,25,,,0,100,,987,25,,,0,100,,993,25,,,0,100,,988,25,,,0,100,,994,25,,,0,100,,989,25,,,0,100,,995,25,,,0,100,,990,25,0,16 13,0,200,,996,25,0,16 13,0,200,,997,25,0,16 13,0
401,'c_72078_b_87195_d_31',651,,1474,25,,,0,90,,1477,25,,,0,70,,1475,25,,,0,100,,1476,25,,,0,100,,1483,25,,,0,100,,1478,25,,,0,100,,1484,25,,,0,100,,1479,25,,,0,100,,1485,25,,,0,100,,1480,25,,,0,100,,1486,25,,,0,100,,1481,25,,,0,100,,1487,25,,,0,100,,1482,25,0,16 13,0,200,,1488,25,0,16 13,0,200,,1489,25,0,16 13,0
401,'c_72079_b_87196_d_32',741,,1490,25,0,16 13,0,170,,1491,25,,,0,100,,1496,25,,,0,100,,1492,25,,,0,100,,1497,25,,,0,100,,1493,25,,,0,100,,1498,25,,,0,100,,1494,25,,,0,100,,1499,25,,,0,100,,1495,25,,,0,100,,1500,25,,,0,100,,1503,25,0,16 13,0,200,,1501,25,0,16 13,0,200,,1502,25,0,16 13,0
401,'c_72081_b_87198_d_64',1011,,1509,25,,,0,100,,1504,25,,,0,100,,1510,25,,,0,100,,1505,25,,,0,100,,1511,25,,,0,100,,1506,25,,,0,100,,1512,25,,,0,100,,1507,25,,,0,100,,1508,25,0,16 13,0
