300,'c_71837_b_86637_d_96',732,,848,20,,,0,100,,845,20,,,0,100,,849,20,,,0,100,,846,20,,,0,100,,850,20,,,0,100,,847,20,,,0,100,,851,20,,,0,100,,833,20,,,0,100,,852,20,,,0,100,,834,20,,,0,100,,853,20,,,0,170,,830,20,,,0,200,,831,20,,,0,200,,832,20,,,0
300,'c_71839_b_86639_d_31',727,,865,20,,,0,105,,866,20,,,0,100,,869,20,,,0,100,,867,20,,,0,100,,870,20,,,0,100,,868,20,,,0,100,,871,20,,,0,100,,860,20,,,0,100,,858,20,,,0,100,,861,20,,,0,100,,859,20,,,0,170,,862,20,,,0,200,,863,20,,,0,200,,864,20,,,0
300,'c_72078_b_87195_d_31',727,,1292,20,,,0,105,,1311,20,,,0,100,,1314,20,,,0,100,,1312,20,,,0,100,,1315,20,,,0,100,,1313,20,,,0,100,,1316,20,,,0,100,,1309,20,,,0,100,,1307,20,,,0,100,,1310,20,,,0,100,,1308,20,,,0,170,,1289,20,,,0,200,,1290,20,,,0,200,,1291,20,,,0
300,'c_72079_b_87196_d_32',732,,1339,20,,,0,100,,1336,20,,,0,100,,1340,20,,,0,100,,1337,20,,,0,100,,1341,20,,,0,100,,1338,20,,,0,100,,1342,20,,,0,100,,1334,20,,,0,100,,1343,20,,,0,100,,1335,20,,,0,100,,1344,20,,,0,170,,1331,20,,,0,200,,1332,20,,,0,200,,1333,20,,,0
300,'c_72081_b_87198_d_64',932,,1349,20,,,0,100,,1345,20,,,0,100,,1350,20,,,0,100,,1346,20,,,0,100,,1351,20,,,0,100,,1347,20,,,0,100,,1352,20,,,0,100,,1348,20,,,0,100,,1353,20,,,0
400,'c_71837_b_86637_d_96',901,,933,20,,,0,100,,921,20,,,0,100,,934,20,,,0,100,,922,20,,,0,100,,935,20,,,0,100,,923,20,,,0,100,,936,20,,,0,100,,924,20,,,0,100,,937,20,,,0,100,,925,20,,,0,200,,912,20,,,0,200,,913,20,,,0
400,'c_71839_b_86639_d_31',657,,966,20,,,0,145,,944,20,,,0,100,,942,20,,,0,100,,961,20,,,0,100,,957,20,,,0,100,,962,20,,,0,100,,958,20,,,0,100,,963,20,,,0,100,,959,20,,,0,100,,964,20,,,0,100,,960,20,,,0,100,,965,20,,,0,200,,940,20,,,0,200,,941,20,,,0
400,'c_72078_b_87195_d_31',657,,1428,20,,,0,145,,1405,20,,,0,100,,1403,20,,,0,100,,1422,20,,,0,100,,1418,20,,,0,100,,1423,20,,,0,100,,1419,20,,,0,100,,1424,20,,,0,100,,1420,20,,,0,100,,1425,20,,,0,100,,1421,20,,,0,100,,1426,20,,,0,200,,1401,20,,,0,200,,1402,20,,,0
400,'c_72079_b_87196_d_32',901,,1450,20,,,0,100,,1438,20,,,0,100,,1451,20,,,0,100,,1439,20,,,0,100,,1452,20,,,0,100,,1440,20,,,0,100,,1453,20,,,0,100,,1441,20,,,0,100,,1454,20,,,0,100,,1442,20,,,0,200,,1429,20,,,0,200,,1430,20,,,0
400,'c_72081_b_87198_d_64',1002,,1459,20,,,0,100,,1455,20,,,0,100,,1460,20,,,0,100,,1456,20,,,0,100,,1461,20,,,0,100,,1457,20,,,0,100,,1462,20,,,0,100,,1458,20,,,0,100,,1463,20,,,0
700,'c_71885_b_86774_d_31',1312,,1069,8,,,0,400,,1070,8,,,0
700,'c_72080_b_87197_d_31',1312,,1513,8,,,0,400,,1514,8,,,0
700,'c_72082_b_87203_d_31',1312,,1515,8,,,0,400,,1516,8,,,0
800,'c_71885_b_86774_d_31',712,,1089,8,,,0,30,,1075,8,,,0,70,,1097,8,,,0,30,,1090,8,,,0,70,,1074,8,,,0,30,,1091,8,,,0,70,,1101,8,,,0,30,,1098,8,,,0,70,,1092,8,,,0,30,,1102,8,,,0,70,,1099,8,,,0,30,,1093,8,,,0,100,,1100,8,,,0,70,,1094,8,,,0,30,,1106,8,,,0,70,,1104,8,,,0,30,,1103,8,,,0,70,,1095,8,,,0,30,,1105,8,,,0,100,,1096,8,,,0
800,'c_72080_b_87197_d_31',712,,1524,8,,,0,30,,1522,8,,,0,70,,1544,8,,,0,30,,1525,8,,,0,70,,1521,8,,,0,30,,1538,8,,,0,70,,1548,8,,,0,30,,1545,8,,,0,70,,1539,8,,,0,30,,1549,8,,,0,70,,1546,8,,,0,30,,1540,8,,,0,100,,1547,8,,,0,70,,1541,8,,,0,30,,1553,8,,,0,70,,1551,8,,,0,30,,1550,8,,,0,70,,1542,8,,,0,30,,1552,8,,,0,100,,1543,8,,,0
800,'c_72082_b_87203_d_31',712,,1565,8,,,0,100,,1577,8,,,0,30,,1566,8,,,0,70,,1563,8,,,0,100,,1581,8,,,0,30,,1578,8,,,0,100,,1582,8,,,0,70,,1579,8,,,0,130,,1580,8,,,0,100,,1586,8,,,0,70,,1584,8,,,0,30,,1583,8,,,0,70,,1575,8,,,0,30,,1585,8,,,0,100,,1576,8,,,0
