300,'c_71837_b_86637_d_96',725,,848,12,,,0,100,,845,12,,,0,100,,849,12,,,0,100,,846,12,,,0,100,,850,12,,,0,100,,847,12,,,0,100,,851,12,,,0,100,,833,12,,,0,100,,852,12,,,0,100,,834,12,,,0,100,,853,12,,,0,130,,830,12,,,0,200,,831,12,,,0,200,,832,12,,,0
300,'c_71839_b_86639_d_31',720,,865,12,,,0,105,,866,12,,,0,100,,869,12,,,0,100,,867,12,,,0,100,,870,12,,,0,100,,868,12,,,0,100,,871,12,,,0,100,,860,12,,,0,100,,858,12,,,0,100,,861,12,,,0,100,,859,12,,,0,130,,862,12,,,0,200,,863,12,,,0,200,,864,12,,,0
300,'c_72078_b_87195_d_31',720,,1292,12,,,0,105,,1311,12,,,0,100,,1314,12,,,0,100,,1312,12,,,0,100,,1315,12,,,0,100,,1313,12,,,0,100,,1316,12,,,0,100,,1309,12,,,0,100,,1307,12,,,0,100,,1310,12,,,0,100,,1308,12,,,0,130,,1289,12,,,0,200,,1290,12,,,0,200,,1291,12,,,0
300,'c_72079_b_87196_d_32',725,,1339,12,,,0,100,,1336,12,,,0,100,,1340,12,,,0,100,,1337,12,,,0,100,,1341,12,,,0,100,,1338,12,,,0,100,,1342,12,,,0,100,,1334,12,,,0,100,,1343,12,,,0,100,,1335,12,,,0,100,,1344,12,,,0,130,,1331,12,,,0,200,,1332,12,,,0,200,,1333,12,,,0
300,'c_72081_b_87198_d_64',925,,1349,12,,,0,100,,1345,12,,,0,100,,1350,12,,,0,100,,1346,12,,,0,100,,1351,12,,,0,100,,1347,12,,,0,100,,1352,12,,,0,100,,1348,12,,,0,100,,1353,12,,,0
301,'c_71837_b_86637_d_96',835,,887,20,,,0,100,,890,20,,,0,100,,888,20,,,0,100,,891,20,,,0,100,,889,20,,,0,100,,892,20,,,0,100,,886,20,,,0,100,,893,20,,,0,100,,895,20,,,0,100,,894,20,,,0,100,,896,20,,,0,170,,897,20,0,16 13,0,200,,898,20,0,16 13,0
301,'c_71839_b_86639_d_31',835,,900,20,,,0,100,,905,20,,,0,100,,901,20,,,0,100,,906,20,,,0,100,,902,20,,,0,100,,907,20,,,0,100,,899,20,,,0,100,,903,20,,,0,100,,910,20,,,0,100,,904,20,,,0,100,,911,20,,,0,170,,908,20,0,16 13,0,200,,909,20,0,16 13,0
301,'c_72078_b_87195_d_31',835,,1364,20,,,0,100,,1372,20,,,0,100,,1365,20,,,0,100,,1373,20,,,0,100,,1366,20,,,0,100,,1374,20,,,0,100,,1369,20,,,0,100,,1370,20,,,0,100,,1375,20,,,0,100,,1371,20,,,0,100,,1376,20,,,0,170,,1367,20,0,16 13,0,200,,1368,20,0,16 13,0
301,'c_72079_b_87196_d_32',835,,1378,20,,,0,100,,1381,20,,,0,100,,1379,20,,,0,100,,1382,20,,,0,100,,1380,20,,,0,100,,1383,20,,,0,100,,1377,20,,,0,100,,1384,20,,,0,100,,1386,20,,,0,100,,1385,20,,,0,100,,1387,20,,,0,170,,1388,20,0,16 13,0,200,,1389,20,0,16 13,0
301,'c_72081_b_87198_d_64',935,,1394,20,,,0,100,,1390,20,,,0,100,,1395,20,,,0,100,,1391,20,,,0,100,,1396,20,,,0,100,,1392,20,,,0,100,,1397,20,,,0,100,,1393,20,,,0,100,,1398,20,,,0
400,'c_71837_b_86637_d_96',855,,933,12,,,0,100,,921,12,,,0,100,,934,12,,,0,100,,922,12,,,0,100,,935,12,,,0,100,,923,12,,,0,100,,936,12,,,0,100,,924,12,,,0,100,,937,12,,,0,100,,925,12,,,0,200,,912,12,,,0,200,,913,12,,,0
400,'c_71839_b_86639_d_31',650,,966,12,,,0,105,,944,12,,,0,100,,942,12,,,0,100,,961,12,,,0,100,,957,12,,,0,100,,962,12,,,0,100,,958,12,,,0,100,,963,12,,,0,100,,959,12,,,0,100,,964,12,,,0,100,,960,12,,,0,100,,965,12,,,0,200,,940,12,,,0,200,,941,12,,,0
400,'c_72078_b_87195_d_31',650,,1428,12,,,0,105,,1405,12,,,0,100,,1403,12,,,0,100,,1422,12,,,0,100,,1418,12,,,0,100,,1423,12,,,0,100,,1419,12,,,0,100,,1424,12,,,0,100,,1420,12,,,0,100,,1425,12,,,0,100,,1421,12,,,0,100,,1426,12,,,0,200,,1401,12,,,0,200,,1402,12,,,0
400,'c_72079_b_87196_d_32',855,,1450,12,,,0,100,,1438,12,,,0,100,,1451,12,,,0,100,,1439,12,,,0,100,,1452,12,,,0,100,,1440,12,,,0,100,,1453,12,,,0,100,,1441,12,,,0,100,,1454,12,,,0,100,,1442,12,,,0,200,,1429,12,,,0,200,,1430,12,,,0
400,'c_72081_b_87198_d_64',955,,1459,12,,,0,100,,1455,12,,,0,100,,1460,12,,,0,100,,1456,12,,,0,100,,1461,12,,,0,100,,1457,12,,,0,100,,1462,12,,,0,100,,1458,12,,,0,100,,1463,12,,,0
401,'c_71837_b_86637_d_96',736,,968,20,0,16 13,0,170,,969,20,,,0,100,,974,20,,,0,100,,970,20,,,0,100,,975,20,,,0,100,,971,20,,,0,100,,976,20,,,0,100,,972,20,,,0,100,,977,20,,,0,100,,973,20,,,0,100,,978,20,,,0,100,,981,20,0,16 13,0,200,,979,20,0,16 13,0,200,,980,20,0,16 13,0
401,'c_71839_b_86639_d_31',645,,982,20,,,0,90,,985,20,,,0,70,,983,20,,,0,100,,984,20,,,0,100,,991,20,,,0,100,,986,20,,,0,100,,992,20,,,0,100,,987,20,,,0,100,,993,20,,,0,100,,988,20,,,0,100,,994,20,,,0,100,,989,20,,,0,100,,995,20,,,0,100,,990,20,0,16 13,0,200,,996,20,0,16 13,0,200,,997,20,0,16 13,0
401,'c_72078_b_87195_d_31',645,,1474,20,,,0,90,,1477,20,,,0,70,,1475,20,,,0,100,,1476,20,,,0,100,,1483,20,,,0,100,,1478,20,,,0,100,,1484,20,,,0,100,,1479,20,,,0,100,,1485,20,,,0,100,,1480,20,,,0,100,,1486,20,,,0,100,,1481,20,,,0,100,,1487,20,,,0,100,,1482,20,0,16 13,0,200,,1488,20,0,16 13,0,200,,1489,20,0,16 13,0
401,'c_72079_b_87196_d_32',736,,1490,20,0,16 13,0,170,,1491,20,,,0,100,,1496,20,,,0,100,,1492,20,,,0,100,,1497,20,,,0,100,,1493,20,,,0,100,,1498,20,,,0,100,,1494,20,,,0,100,,1499,20,,,0,100,,1495,20,,,0,100,,1500,20,,,0,100,,1503,20,0,16 13,0,200,,1501,20,0,16 13,0,200,,1502,20,0,16 13,0
401,'c_72081_b_87198_d_64',1005,,1509,20,,,0,100,,1504,20,,,0,100,,1510,20,,,0,100,,1505,20,,,0,100,,1511,20,,,0,100,,1506,20,,,0,100,,1512,20,,,0,100,,1507,20,,,0,100,,1508,20,0,16 13,0
