300,'c_71837_b_86637_d_96',751,,854,3,,,0,100,,835,3,,,0,100,,855,3,,,0,100,,836,3,,,0,100,,856,3,,,0,100,,837,3,,,0,100,,857,3,,,0,100,,838,3,,,0,100,,840,3,,,0,100,,839,3,,,0,100,,841,3,,,0,170,,842,3,,,0,200,,843,3,,,0,200,,844,3,,,0
300,'c_71839_b_86639_d_31',746,,882,3,,,0,105,,872,3,,,0,100,,883,3,,,0,100,,873,3,,,0,100,,884,3,,,0,100,,874,3,,,0,100,,885,3,,,0,100,,877,3,,,0,100,,875,3,,,0,100,,878,3,,,0,100,,876,3,,,0,170,,879,3,,,0,200,,880,3,,,0,200,,881,3,,,0
300,'c_72078_b_87195_d_31',746,,1303,3,,,0,105,,1293,3,,,0,100,,1304,3,,,0,100,,1294,3,,,0,100,,1305,3,,,0,100,,1295,3,,,0,100,,1306,3,,,0,100,,1298,3,,,0,100,,1296,3,,,0,100,,1299,3,,,0,100,,1297,3,,,0,170,,1300,3,,,0,200,,1301,3,,,0,200,,1302,3,,,0
300,'c_72079_b_87196_d_32',751,,1327,3,,,0,100,,1317,3,,,0,100,,1328,3,,,0,100,,1318,3,,,0,100,,1329,3,,,0,100,,1319,3,,,0,100,,1330,3,,,0,100,,1320,3,,,0,100,,1322,3,,,0,100,,1321,3,,,0,100,,1323,3,,,0,170,,1324,3,,,0,200,,1325,3,,,0,200,,1326,3,,,0
300,'c_72081_b_87198_d_64',851,,1354,3,,,0,100,,1359,3,,,0,100,,1355,3,,,0,100,,1360,3,,,0,100,,1356,3,,,0,100,,1361,3,,,0,100,,1357,3,,,0,100,,1362,3,,,0,100,,1358,3,,,0,100,,1363,3,,,0
800,'c_71885_b_86774_d_31',656,,1081,3,,,0,70,,1107,3,,,0,30,,1072,3,,,0,70,,1073,3,,,0,30,,1108,3,,,0,70,,1109,3,,,0,30,,1077,3,,,0,70,,1085,3,,,0,30,,1110,3,,,0,70,,1078,3,,,0,30,,1086,3,,,0,70,,1111,3,,,0,30,,1079,3,,,0,70,,1088,3,,,0,30,,1112,3,,,0,70,,1080,3,,,0,30,,1082,3,,,0,70,,1113,3,,,0,30,,1076,3,,,0,70,,1083,3,,,0,30,,1114,3,,,0,70,,1087,3,,,0,30,,1084,3,,,0
800,'c_72080_b_87197_d_31',656,,1530,3,,,0,70,,1554,3,,,0,30,,1519,3,,,0,70,,1520,3,,,0,30,,1555,3,,,0,70,,1556,3,,,0,30,,1526,3,,,0,70,,1534,3,,,0,30,,1557,3,,,0,70,,1527,3,,,0,30,,1535,3,,,0,70,,1558,3,,,0,30,,1528,3,,,0,70,,1537,3,,,0,30,,1559,3,,,0,70,,1529,3,,,0,30,,1531,3,,,0,70,,1560,3,,,0,30,,1523,3,,,0,70,,1532,3,,,0,30,,1561,3,,,0,70,,1536,3,,,0,30,,1533,3,,,0
800,'c_72082_b_87203_d_31',656,,1567,3,,,0,70,,1587,3,,,0,100,,1562,3,,,0,30,,1588,3,,,0,70,,1589,3,,,0,100,,1571,3,,,0,30,,1590,3,,,0,100,,1572,3,,,0,70,,1591,3,,,0,100,,1574,3,,,0,30,,1592,3,,,0,100,,1568,3,,,0,70,,1593,3,,,0,30,,1564,3,,,0,70,,1569,3,,,0,30,,1594,3,,,0,70,,1573,3,,,0,30,,1570,3,,,0
900,'c_71885_b_86774_d_31',606,,1137,3,,,0,20,,1138,3,,,0
900,'c_72080_b_87197_d_31',606,,1635,3,,,0,20,,1636,3,,,0
900,'c_72082_b_87203_d_31',606,,1637,3,,,0,20,,1638,3,,,0
