100,'c_71837_b_86637_d_96',748,,724,3,,,0,100,,735,3,,,0,70,,725,3,,,0,30,,736,3,,,0,70,,727,3,,,0,30,,737,3,,,0,70,,728,3,,,0,30,,738,3,,,0,70,,729,3,,,0,30,,739,3,,,0,70,,730,3,,,0,30,,740,3,,,0,70,,731,3,,,0,30,,720,3,,,0,70,,732,3,,,0,30,,721,3,,,0,70,,733,3,,,0,30,,722,3,,,0,70,,734,3,,,0,30,,723,3,,,0,70,,726,3,,,0,100,,741,3,,,0,100,,742,3,,,0,100,,743,3,,,0,100,,744,3,,,0,100,,745,3,,,0
100,'c_71839_b_86639_d_31',718,,772,3,,,0,30,,746,3,,,0,70,,773,3,,,0,30,,747,3,,,0,70,,757,3,,,0,30,,748,3,,,0,70,,759,3,,,0,30,,749,3,,,0,70,,760,3,,,0,30,,750,3,,,0,70,,761,3,,,0,30,,751,3,,,0,70,,762,3,,,0,30,,752,3,,,0,70,,763,3,,,0,30,,753,3,,,0,70,,764,3,,,0,30,,754,3,,,0,70,,765,3,,,0,30,,755,3,,,0,70,,766,3,,,0,30,,756,3,,,0,70,,758,3,,,0,100,,767,3,,,0,100,,768,3,,,0,100,,769,3,,,0,100,,770,3,,,0,100,,771,3,,,0
100,'c_72078_b_87195_d_31',718,,1168,3,,,0,30,,1142,3,,,0,70,,1169,3,,,0,30,,1143,3,,,0,70,,1153,3,,,0,30,,1144,3,,,0,70,,1155,3,,,0,30,,1145,3,,,0,70,,1156,3,,,0,30,,1146,3,,,0,70,,1157,3,,,0,30,,1147,3,,,0,70,,1158,3,,,0,30,,1148,3,,,0,70,,1159,3,,,0,30,,1149,3,,,0,70,,1160,3,,,0,30,,1150,3,,,0,70,,1161,3,,,0,30,,1151,3,,,0,70,,1162,3,,,0,30,,1152,3,,,0,70,,1154,3,,,0,100,,1163,3,,,0,100,,1164,3,,,0,100,,1165,3,,,0,100,,1166,3,,,0,100,,1167,3,,,0
100,'c_72079_b_87196_d_32',748,,1174,3,,,0,100,,1185,3,,,0,70,,1175,3,,,0,30,,1186,3,,,0,70,,1177,3,,,0,30,,1187,3,,,0,70,,1178,3,,,0,30,,1188,3,,,0,70,,1179,3,,,0,30,,1189,3,,,0,70,,1180,3,,,0,30,,1190,3,,,0,70,,1181,3,,,0,30,,1170,3,,,0,70,,1182,3,,,0,30,,1171,3,,,0,70,,1183,3,,,0,30,,1172,3,,,0,70,,1184,3,,,0,30,,1173,3,,,0,70,,1176,3,,,0,100,,1191,3,,,0,100,,1192,3,,,0,100,,1193,3,,,0,100,,1194,3,,,0,100,,1195,3,,,0
100,'c_72081_b_87198_d_64',918,,1196,3,,,0,30,,1206,3,,,0,70,,1198,3,,,0,30,,1207,3,,,0,70,,1199,3,,,0,30,,1208,3,,,0,70,,1200,3,,,0,30,,1209,3,,,0,70,,1201,3,,,0,30,,1210,3,,,0,70,,1202,3,,,0,30,,1211,3,,,0,70,,1203,3,,,0,30,,1212,3,,,0,70,,1204,3,,,0,30,,1213,3,,,0,70,,1205,3,,,0,30,,1214,3,,,0,70,,1197,3,,,0
300,'c_71837_b_86637_d_96',716,,848,3,,,0,100,,845,3,,,0,100,,849,3,,,0,100,,846,3,,,0,100,,850,3,,,0,100,,847,3,,,0,100,,851,3,,,0,100,,833,3,,,0,100,,852,3,,,0,100,,834,3,,,0,100,,853,3,,,0,130,,830,3,,,0,200,,831,3,,,0,200,,832,3,,,0
300,'c_71839_b_86639_d_31',711,,865,3,,,0,105,,866,3,,,0,100,,869,3,,,0,100,,867,3,,,0,100,,870,3,,,0,100,,868,3,,,0,100,,871,3,,,0,100,,860,3,,,0,100,,858,3,,,0,100,,861,3,,,0,100,,859,3,,,0,130,,862,3,,,0,200,,863,3,,,0,200,,864,3,,,0
300,'c_72078_b_87195_d_31',711,,1292,3,,,0,105,,1311,3,,,0,100,,1314,3,,,0,100,,1312,3,,,0,100,,1315,3,,,0,100,,1313,3,,,0,100,,1316,3,,,0,100,,1309,3,,,0,100,,1307,3,,,0,100,,1310,3,,,0,100,,1308,3,,,0,130,,1289,3,,,0,200,,1290,3,,,0,200,,1291,3,,,0
300,'c_72079_b_87196_d_32',716,,1339,3,,,0,100,,1336,3,,,0,100,,1340,3,,,0,100,,1337,3,,,0,100,,1341,3,,,0,100,,1338,3,,,0,100,,1342,3,,,0,100,,1334,3,,,0,100,,1343,3,,,0,100,,1335,3,,,0,100,,1344,3,,,0,130,,1331,3,,,0,200,,1332,3,,,0,200,,1333,3,,,0
300,'c_72081_b_87198_d_64',916,,1349,3,,,0,100,,1345,3,,,0,100,,1350,3,,,0,100,,1346,3,,,0,100,,1351,3,,,0,100,,1347,3,,,0,100,,1352,3,,,0,100,,1348,3,,,0,100,,1353,3,,,0
400,'c_71837_b_86637_d_96',846,,933,3,,,0,100,,921,3,,,0,100,,934,3,,,0,100,,922,3,,,0,100,,935,3,,,0,100,,923,3,,,0,100,,936,3,,,0,100,,924,3,,,0,100,,937,3,,,0,100,,925,3,,,0,200,,912,3,,,0,200,,913,3,,,0
400,'c_71839_b_86639_d_31',641,,966,3,,,0,105,,944,3,,,0,100,,942,3,,,0,100,,961,3,,,0,100,,957,3,,,0,100,,962,3,,,0,100,,958,3,,,0,100,,963,3,,,0,100,,959,3,,,0,100,,964,3,,,0,100,,960,3,,,0,100,,965,3,,,0,200,,940,3,,,0,200,,941,3,,,0
400,'c_72078_b_87195_d_31',641,,1428,3,,,0,105,,1405,3,,,0,100,,1403,3,,,0,100,,1422,3,,,0,100,,1418,3,,,0,100,,1423,3,,,0,100,,1419,3,,,0,100,,1424,3,,,0,100,,1420,3,,,0,100,,1425,3,,,0,100,,1421,3,,,0,100,,1426,3,,,0,200,,1401,3,,,0,200,,1402,3,,,0
400,'c_72079_b_87196_d_32',846,,1450,3,,,0,100,,1438,3,,,0,100,,1451,3,,,0,100,,1439,3,,,0,100,,1452,3,,,0,100,,1440,3,,,0,100,,1453,3,,,0,100,,1441,3,,,0,100,,1454,3,,,0,100,,1442,3,,,0,200,,1429,3,,,0,200,,1430,3,,,0
400,'c_72081_b_87198_d_64',946,,1459,3,,,0,100,,1455,3,,,0,100,,1460,3,,,0,100,,1456,3,,,0,100,,1461,3,,,0,100,,1457,3,,,0,100,,1462,3,,,0,100,,1458,3,,,0,100,,1463,3,,,0
700,'c_71885_b_86774_d_31',1301,,1069,3,,,0,400,,1070,3,,,0
700,'c_72080_b_87197_d_31',1301,,1513,3,,,0,400,,1514,3,,,0
700,'c_72082_b_87203_d_31',1301,,1515,3,,,0,400,,1516,3,,,0
800,'c_71885_b_86774_d_31',701,,1089,3,,,0,30,,1075,3,,,0,70,,1097,3,,,0,30,,1090,3,,,0,70,,1074,3,,,0,30,,1091,3,,,0,70,,1101,3,,,0,30,,1098,3,,,0,70,,1092,3,,,0,30,,1102,3,,,0,70,,1099,3,,,0,30,,1093,3,,,0,100,,1100,3,,,0,70,,1094,3,,,0,30,,1106,3,,,0,70,,1104,3,,,0,30,,1103,3,,,0,70,,1095,3,,,0,30,,1105,3,,,0,100,,1096,3,,,0
800,'c_72080_b_87197_d_31',701,,1524,3,,,0,30,,1522,3,,,0,70,,1544,3,,,0,30,,1525,3,,,0,70,,1521,3,,,0,30,,1538,3,,,0,70,,1548,3,,,0,30,,1545,3,,,0,70,,1539,3,,,0,30,,1549,3,,,0,70,,1546,3,,,0,30,,1540,3,,,0,100,,1547,3,,,0,70,,1541,3,,,0,30,,1553,3,,,0,70,,1551,3,,,0,30,,1550,3,,,0,70,,1542,3,,,0,30,,1552,3,,,0,100,,1543,3,,,0
800,'c_72082_b_87203_d_31',701,,1565,3,,,0,100,,1577,3,,,0,30,,1566,3,,,0,70,,1563,3,,,0,100,,1581,3,,,0,30,,1578,3,,,0,100,,1582,3,,,0,70,,1579,3,,,0,130,,1580,3,,,0,100,,1586,3,,,0,70,,1584,3,,,0,30,,1583,3,,,0,70,,1575,3,,,0,30,,1585,3,,,0,100,,1576,3,,,0
