300,'c_71837_b_86637_d_96',1412,,857,22,4,,0
300,'c_71839_b_86639_d_31',1412,,885,22,4,,0
300,'c_72078_b_87195_d_31',1412,,1306,22,4,,0
300,'c_72079_b_87196_d_32',1412,,1330,22,4,,0
400,'c_71839_b_86639_d_31',818,,944,31,4,,0,100,,942,31,4,,0
400,'c_72078_b_87195_d_31',818,,1405,31,4,,0,100,,1403,31,4,,0
800,'c_71885_b_86774_d_31',843,,1073,20,4,,0,80,,1074,15,4,,0
800,'c_72080_b_87197_d_31',843,,1520,20,4,,0,80,,1521,15,4,,0
800,'c_72082_b_87203_d_31',843,,1562,20,4,,0,80,,1563,15,4,,0
900,'c_71885_b_86774_d_31',605,,1137,1,,,0,15,,1137,20,4,,0,5,,1138,1,,,0
900,'c_72080_b_87197_d_31',605,,1635,1,,,0,15,,1635,20,4,,0,5,,1636,1,,,0
900,'c_72082_b_87203_d_31',605,,1637,1,,,0,15,,1637,20,4,,0,5,,1638,1,,,0
901,'c_71885_b_86774_d_31',625,,1139,1,,,0,20,,1141,1,,,0,70,,1140,1,,,0
901,'c_72080_b_87197_d_31',625,,1639,1,,,0,20,,1641,1,,,0,70,,1640,1,,,0
901,'c_72082_b_87203_d_31',625,,1642,1,,,0,20,,1644,1,,,0,70,,1643,1,,,0
