400,'c_71837_b_86637_d_96',654,,914,8,0,5,0,170,,915,8,0,5,0,100,,926,8,0,5,0,100,,916,8,0,5,0,100,,927,8,0,5,0,100,,917,8,0,5,0,100,,928,8,0,5,0,100,,918,8,0,5,0,100,,929,8,0,5,0,100,,919,8,0,5,0,100,,930,8,0,5,0,100,,920,8,0,5,0,200,,931,8,0,5,0,200,,932,8,0,5,0
400,'c_71839_b_86639_d_31',610,,943,8,0,5,0,45,,956,8,0,5,0,65,,967,8,0,5,0,105,,945,8,0,5,0,100,,951,8,0,5,0,100,,946,8,0,5,0,100,,952,8,0,5,0,100,,947,8,0,5,0,100,,953,8,0,5,0,100,,948,8,0,5,0,100,,954,8,0,5,0,100,,949,8,0,5,0,100,,955,8,0,5,0,100,,950,8,0,5,0,200,,938,8,0,5,0,200,,939,8,0,5,0
400,'c_72078_b_87195_d_31',610,,1404,8,0,5,0,45,,1417,8,0,5,0,65,,1427,8,0,5,0,105,,1406,8,0,5,0,100,,1412,8,0,5,0,100,,1407,8,0,5,0,100,,1413,8,0,5,0,100,,1408,8,0,5,0,100,,1414,8,0,5,0,100,,1409,8,0,5,0,100,,1415,8,0,5,0,100,,1410,8,0,5,0,100,,1416,8,0,5,0,100,,1411,8,0,5,0,200,,1399,8,0,5,0,200,,1400,8,0,5,0
400,'c_72079_b_87196_d_32',654,,1431,8,0,5,0,170,,1432,8,0,5,0,100,,1443,8,0,5,0,100,,1433,8,0,5,0,100,,1444,8,0,5,0,100,,1434,8,0,5,0,100,,1445,8,0,5,0,100,,1435,8,0,5,0,100,,1446,8,0,5,0,100,,1436,8,0,5,0,100,,1447,8,0,5,0,100,,1437,8,0,5,0,200,,1448,8,0,5,0,200,,1449,8,0,5,0
400,'c_72081_b_87198_d_64',924,,1469,7,0,5,0,100,,1464,7,0,5,0,100,,1470,7,0,5,0,100,,1465,7,0,5,0,100,,1471,7,0,5,0,100,,1466,7,0,5,0,100,,1472,7,0,5,0,100,,1467,7,0,5,0,100,,1473,7,0,5,0,100,,1468,7,0,5,0
21290000,'c_70811_b_87199_d_14',827,,1645,9,,,0,30,,1646,9,,,0
21290000,'c_70811_b_87199_d_31',927,,1647,9,,,0,30,,1657,9,,,0,70,,1658,9,,,0,30,,1659,9,,,0,70,,1660,9,,,0,30,,1661,9,,,0,70,,1662,9,,,0,30,,1663,9,,,0,70,,1664,9,,,0,30,,1648,9,,,0,70,,1649,9,,,0,30,,1650,9,,,0,70,,1651,9,,,0,30,,1652,9,,,0,70,,1653,9,,,0,30,,1654,9,,,0,70,,1655,9,,,0,30,,1656,9,,,0
21290000,'c_70811_b_87199_d_4',1827,,1665,9,,,0,30,,1666,9,,,0,70,,1667,9,,,0,30,,1668,9,,,0,70,,1669,9,,,0,30,,1670,9,,,0
21290000,'c_70811_b_87199_d_8',757,,1675,9,,,0,1070,,1671,9,,,0,30,,1672,9,,,0,70,,1673,9,,,0,30,,1674,9,,,0
21290000,'c_70811_b_87200_d_14',827,,1676,9,,,0,30,,1677,9,,,0
21290000,'c_70811_b_87200_d_31',927,,1678,9,,,0,30,,1688,9,,,0,70,,1689,9,,,0,30,,1690,9,,,0,70,,1691,9,,,0,30,,1692,9,,,0,70,,1693,9,,,0,30,,1694,9,,,0,70,,1695,9,,,0,30,,1679,9,,,0,70,,1680,9,,,0,30,,1681,9,,,0,70,,1682,9,,,0,30,,1683,9,,,0,70,,1684,9,,,0,30,,1685,9,,,0,70,,1686,9,,,0,30,,1687,9,,,0
21290000,'c_70811_b_87200_d_4',1827,,1696,9,,,0,30,,1697,9,,,0,70,,1698,9,,,0,30,,1699,9,,,0,70,,1700,9,,,0,30,,1701,9,,,0
21290000,'c_70811_b_87200_d_8',757,,1706,9,,,0,1070,,1702,9,,,0,30,,1703,9,,,0,70,,1704,9,,,0,30,,1705,9,,,0
21290000,'c_70811_b_87201_d_14',827,,1707,9,,,0,30,,1708,9,,,0
21290000,'c_70811_b_87201_d_31',927,,1709,9,,,0,30,,1719,9,,,0,70,,1720,9,,,0,30,,1721,9,,,0,70,,1722,9,,,0,30,,1723,9,,,0,70,,1724,9,,,0,30,,1725,9,,,0,70,,1726,9,,,0,30,,1710,9,,,0,70,,1711,9,,,0,30,,1712,9,,,0,70,,1713,9,,,0,30,,1714,9,,,0,70,,1715,9,,,0,30,,1716,9,,,0,70,,1717,9,,,0,30,,1718,9,,,0
21290000,'c_70811_b_87201_d_4',1827,,1727,9,,,0,30,,1728,9,,,0,70,,1729,9,,,0,30,,1730,9,,,0,70,,1731,9,,,0,30,,1732,9,,,0
21290000,'c_70811_b_87201_d_8',757,,1737,9,,,0,1070,,1733,9,,,0,30,,1734,9,,,0,70,,1735,9,,,0,30,,1736,9,,,0
