301,'c_71837_b_86637_d_96',823,,887,8,,,0,100,,890,8,,,0,100,,888,8,,,0,100,,891,8,,,0,100,,889,8,,,0,100,,892,8,,,0,100,,886,8,,,0,100,,893,8,,,0,100,,895,8,,,0,100,,894,8,,,0,100,,896,8,,,0,130,,897,8,0,16 13,0,200,,898,8,0,16 13,0
301,'c_71839_b_86639_d_31',823,,900,8,,,0,100,,905,8,,,0,100,,901,8,,,0,100,,906,8,,,0,100,,902,8,,,0,100,,907,8,,,0,100,,899,8,,,0,100,,903,8,,,0,100,,910,8,,,0,100,,904,8,,,0,100,,911,8,,,0,130,,908,8,0,16 13,0,200,,909,8,0,16 13,0
301,'c_72078_b_87195_d_31',823,,1364,8,,,0,100,,1372,8,,,0,100,,1365,8,,,0,100,,1373,8,,,0,100,,1366,8,,,0,100,,1374,8,,,0,100,,1369,8,,,0,100,,1370,8,,,0,100,,1375,8,,,0,100,,1371,8,,,0,100,,1376,8,,,0,130,,1367,8,0,16 13,0,200,,1368,8,0,16 13,0
301,'c_72079_b_87196_d_32',823,,1378,8,,,0,100,,1381,8,,,0,100,,1379,8,,,0,100,,1382,8,,,0,100,,1380,8,,,0,100,,1383,8,,,0,100,,1377,8,,,0,100,,1384,8,,,0,100,,1386,8,,,0,100,,1385,8,,,0,100,,1387,8,,,0,130,,1388,8,0,16 13,0,200,,1389,8,0,16 13,0
301,'c_72081_b_87198_d_64',923,,1394,8,,,0,100,,1390,8,,,0,100,,1395,8,,,0,100,,1391,8,,,0,100,,1396,8,,,0,100,,1392,8,,,0,100,,1397,8,,,0,100,,1393,8,,,0,100,,1398,8,,,0
401,'c_71837_b_86637_d_96',723,,968,8,0,16 13,0,130,,969,8,,,0,100,,974,8,,,0,100,,970,8,,,0,100,,975,8,,,0,100,,971,8,,,0,100,,976,8,,,0,100,,972,8,,,0,100,,977,8,,,0,100,,973,8,,,0,100,,978,8,,,0,100,,981,8,0,16 13,0,200,,979,8,0,16 13,0,200,,980,8,0,16 13,0
401,'c_71839_b_86639_d_31',633,,982,8,,,0,90,,985,8,,,0,30,,983,8,,,0,100,,984,8,,,0,100,,991,8,,,0,100,,986,8,,,0,100,,992,8,,,0,100,,987,8,,,0,100,,993,8,,,0,100,,988,8,,,0,100,,994,8,,,0,100,,989,8,,,0,100,,995,8,,,0,100,,990,8,0,16 13,0,200,,996,8,0,16 13,0,200,,997,8,0,16 13,0
401,'c_72078_b_87195_d_31',633,,1474,8,,,0,90,,1477,8,,,0,30,,1475,8,,,0,100,,1476,8,,,0,100,,1483,8,,,0,100,,1478,8,,,0,100,,1484,8,,,0,100,,1479,8,,,0,100,,1485,8,,,0,100,,1480,8,,,0,100,,1486,8,,,0,100,,1481,8,,,0,100,,1487,8,,,0,100,,1482,8,0,16 13,0,200,,1488,8,0,16 13,0,200,,1489,8,0,16 13,0
401,'c_72079_b_87196_d_32',723,,1490,8,0,16 13,0,130,,1491,8,,,0,100,,1496,8,,,0,100,,1492,8,,,0,100,,1497,8,,,0,100,,1493,8,,,0,100,,1498,8,,,0,100,,1494,8,,,0,100,,1499,8,,,0,100,,1495,8,,,0,100,,1500,8,,,0,100,,1503,8,0,16 13,0,200,,1501,8,0,16 13,0,200,,1502,8,0,16 13,0
401,'c_72081_b_87198_d_64',953,,1509,8,,,0,100,,1504,8,,,0,100,,1510,8,,,0,100,,1505,8,,,0,100,,1511,8,,,0,100,,1506,8,,,0,100,,1512,8,,,0,100,,1507,8,,,0,100,,1508,8,0,16 13,0
701,'c_71885_b_86774_d_31',654,,1071,8,,,0
701,'c_72080_b_87197_d_31',654,,1517,8,,,0
701,'c_72082_b_87203_d_31',654,,1518,8,,,0
801,'c_71885_b_86774_d_31',721,,1117,4,,,0,30,,1115,4,,,0,70,,1116,4,,,0,30,,1118,4,,,0,70,,1125,4,,,0,30,,1122,4,,,0,70,,1119,4,,,0,30,,1126,4,,,0,70,,1123,4,,,0,30,,1120,4,,,0,70,,1127,4,,,0,30,,1124,4,,,0,70,,1121,4,,,0,30,,1128,4,,,0,70,,1136,4,,,0,30,,1131,4,,,0,70,,1129,4,,,0,30,,1134,4,,,0,70,,1132,4,,,0,30,,1130,4,,,0,70,,1135,4,,,0,30,,1133,4,,,0
801,'c_72080_b_87197_d_31',721,,1597,4,,,0,30,,1595,4,,,0,70,,1596,4,,,0,30,,1598,4,,,0,70,,1605,4,,,0,30,,1602,4,,,0,70,,1599,4,,,0,30,,1606,4,,,0,70,,1603,4,,,0,30,,1600,4,,,0,70,,1607,4,,,0,30,,1604,4,,,0,70,,1601,4,,,0,30,,1608,4,,,0,70,,1616,4,,,0,30,,1611,4,,,0,70,,1609,4,,,0,30,,1614,4,,,0,70,,1612,4,,,0,30,,1610,4,,,0,70,,1615,4,,,0,30,,1613,4,,,0
801,'c_72082_b_87203_d_31',721,,1618,4,,,0,30,,1617,4,,,0,100,,1619,4,,,0,70,,1623,4,,,0,30,,1620,4,,,0,100,,1624,4,,,0,70,,1621,4,,,0,100,,1625,4,,,0,30,,1622,4,,,0,100,,1626,4,,,0,70,,1634,4,,,0,30,,1629,4,,,0,70,,1627,4,,,0,30,,1632,4,,,0,70,,1630,4,,,0,30,,1628,4,,,0,70,,1633,4,,,0,30,,1631,4,,,0
