300,'c_71837_b_86637_d_96',722,,848,9,,,0,100,,845,9,,,0,100,,849,9,,,0,100,,846,9,,,0,100,,850,9,,,0,100,,847,9,,,0,100,,851,9,,,0,100,,833,9,,,0,100,,852,9,,,0,100,,834,9,,,0,100,,853,9,,,0,130,,830,9,,,0,200,,831,9,,,0,200,,832,9,,,0
300,'c_71839_b_86639_d_31',717,,865,9,,,0,105,,866,9,,,0,100,,869,9,,,0,100,,867,9,,,0,100,,870,9,,,0,100,,868,9,,,0,100,,871,9,,,0,100,,860,9,,,0,100,,858,9,,,0,100,,861,9,,,0,100,,859,9,,,0,130,,862,9,,,0,200,,863,9,,,0,200,,864,9,,,0
300,'c_72078_b_87195_d_31',717,,1292,9,,,0,105,,1311,9,,,0,100,,1314,9,,,0,100,,1312,9,,,0,100,,1315,9,,,0,100,,1313,9,,,0,100,,1316,9,,,0,100,,1309,9,,,0,100,,1307,9,,,0,100,,1310,9,,,0,100,,1308,9,,,0,130,,1289,9,,,0,200,,1290,9,,,0,200,,1291,9,,,0
300,'c_72079_b_87196_d_32',722,,1339,9,,,0,100,,1336,9,,,0,100,,1340,9,,,0,100,,1337,9,,,0,100,,1341,9,,,0,100,,1338,9,,,0,100,,1342,9,,,0,100,,1334,9,,,0,100,,1343,9,,,0,100,,1335,9,,,0,100,,1344,9,,,0,130,,1331,9,,,0,200,,1332,9,,,0,200,,1333,9,,,0
300,'c_72081_b_87198_d_64',922,,1349,9,,,0,100,,1345,9,,,0,100,,1350,9,,,0,100,,1346,9,,,0,100,,1351,9,,,0,100,,1347,9,,,0,100,,1352,9,,,0,100,,1348,9,,,0,100,,1353,9,,,0
400,'c_71837_b_86637_d_96',852,,933,9,,,0,100,,921,9,,,0,100,,934,9,,,0,100,,922,9,,,0,100,,935,9,,,0,100,,923,9,,,0,100,,936,9,,,0,100,,924,9,,,0,100,,937,9,,,0,100,,925,9,,,0,200,,912,9,,,0,200,,913,9,,,0
400,'c_71839_b_86639_d_31',647,,966,9,,,0,105,,944,9,,,0,100,,942,9,,,0,100,,961,9,,,0,100,,957,9,,,0,100,,962,9,,,0,100,,958,9,,,0,100,,963,9,,,0,100,,959,9,,,0,100,,964,9,,,0,100,,960,9,,,0,100,,965,9,,,0,200,,940,9,,,0,200,,941,9,,,0
400,'c_72078_b_87195_d_31',647,,1428,9,,,0,105,,1405,9,,,0,100,,1403,9,,,0,100,,1422,9,,,0,100,,1418,9,,,0,100,,1423,9,,,0,100,,1419,9,,,0,100,,1424,9,,,0,100,,1420,9,,,0,100,,1425,9,,,0,100,,1421,9,,,0,100,,1426,9,,,0,200,,1401,9,,,0,200,,1402,9,,,0
400,'c_72079_b_87196_d_32',852,,1450,9,,,0,100,,1438,9,,,0,100,,1451,9,,,0,100,,1439,9,,,0,100,,1452,9,,,0,100,,1440,9,,,0,100,,1453,9,,,0,100,,1441,9,,,0,100,,1454,9,,,0,100,,1442,9,,,0,200,,1429,9,,,0,200,,1430,9,,,0
400,'c_72081_b_87198_d_64',952,,1459,9,,,0,100,,1455,9,,,0,100,,1460,9,,,0,100,,1456,9,,,0,100,,1461,9,,,0,100,,1457,9,,,0,100,,1462,9,,,0,100,,1458,9,,,0,100,,1463,9,,,0
