300,'c_71837_b_86637_d_96',728,,848,16,,,0,100,,845,16,,,0,100,,849,16,,,0,100,,846,16,,,0,100,,850,16,,,0,100,,847,16,,,0,100,,851,16,,,0,100,,833,16,,,0,100,,852,16,,,0,100,,834,16,,,0,100,,853,16,,,0,130,,830,16,,,0,200,,831,16,,,0,200,,832,16,,,0
300,'c_71839_b_86639_d_31',723,,865,16,,,0,105,,866,16,,,0,100,,869,16,,,0,100,,867,16,,,0,100,,870,16,,,0,100,,868,16,,,0,100,,871,16,,,0,100,,860,16,,,0,100,,858,16,,,0,100,,861,16,,,0,100,,859,16,,,0,130,,862,16,,,0,200,,863,16,,,0,200,,864,16,,,0
300,'c_72078_b_87195_d_31',723,,1292,16,,,0,105,,1311,16,,,0,100,,1314,16,,,0,100,,1312,16,,,0,100,,1315,16,,,0,100,,1313,16,,,0,100,,1316,16,,,0,100,,1309,16,,,0,100,,1307,16,,,0,100,,1310,16,,,0,100,,1308,16,,,0,130,,1289,16,,,0,200,,1290,16,,,0,200,,1291,16,,,0
300,'c_72079_b_87196_d_32',728,,1339,16,,,0,100,,1336,16,,,0,100,,1340,16,,,0,100,,1337,16,,,0,100,,1341,16,,,0,100,,1338,16,,,0,100,,1342,16,,,0,100,,1334,16,,,0,100,,1343,16,,,0,100,,1335,16,,,0,100,,1344,16,,,0,130,,1331,16,,,0,200,,1332,16,,,0,200,,1333,16,,,0
300,'c_72081_b_87198_d_64',928,,1349,16,,,0,100,,1345,16,,,0,100,,1350,16,,,0,100,,1346,16,,,0,100,,1351,16,,,0,100,,1347,16,,,0,100,,1352,16,,,0,100,,1348,16,,,0,100,,1353,16,,,0
400,'c_71837_b_86637_d_96',858,,933,16,,,0,100,,921,16,,,0,100,,934,16,,,0,100,,922,16,,,0,100,,935,16,,,0,100,,923,16,,,0,100,,936,16,,,0,100,,924,16,,,0,100,,937,16,,,0,100,,925,16,,,0,200,,912,16,,,0,200,,913,16,,,0
400,'c_71839_b_86639_d_31',653,,966,16,,,0,105,,944,16,,,0,100,,942,16,,,0,100,,961,16,,,0,100,,957,16,,,0,100,,962,16,,,0,100,,958,16,,,0,100,,963,16,,,0,100,,959,16,,,0,100,,964,16,,,0,100,,960,16,,,0,100,,965,16,,,0,200,,940,16,,,0,200,,941,16,,,0
400,'c_72078_b_87195_d_31',653,,1428,16,,,0,105,,1405,16,,,0,100,,1403,16,,,0,100,,1422,16,,,0,100,,1418,16,,,0,100,,1423,16,,,0,100,,1419,16,,,0,100,,1424,16,,,0,100,,1420,16,,,0,100,,1425,16,,,0,100,,1421,16,,,0,100,,1426,16,,,0,200,,1401,16,,,0,200,,1402,16,,,0
400,'c_72079_b_87196_d_32',858,,1450,16,,,0,100,,1438,16,,,0,100,,1451,16,,,0,100,,1439,16,,,0,100,,1452,16,,,0,100,,1440,16,,,0,100,,1453,16,,,0,100,,1441,16,,,0,100,,1454,16,,,0,100,,1442,16,,,0,200,,1429,16,,,0,200,,1430,16,,,0
400,'c_72081_b_87198_d_64',958,,1459,16,,,0,100,,1455,16,,,0,100,,1460,16,,,0,100,,1456,16,,,0,100,,1461,16,,,0,100,,1457,16,,,0,100,,1462,16,,,0,100,,1458,16,,,0,100,,1463,16,,,0
