100,'c_71837_b_86637_d_96',747,,724,1,,,0,100,,735,1,,,0,70,,725,1,,,0,30,,736,1,,,0,70,,727,1,,,0,30,,737,1,,,0,70,,728,1,,,0,30,,738,1,,,0,70,,729,1,,,0,30,,739,1,,,0,70,,730,1,,,0,30,,740,1,,,0,70,,731,1,,,0,30,,720,1,,,0,70,,732,1,,,0,30,,721,1,,,0,70,,733,1,,,0,30,,722,1,,,0,70,,734,1,,,0,30,,723,1,,,0,70,,726,1,,,0,100,,741,1,,,0,100,,742,1,,,0,100,,743,1,,,0,100,,744,1,,,0,100,,745,1,,,0
100,'c_71839_b_86639_d_31',717,,772,1,,,0,30,,746,1,,,0,70,,773,1,,,0,30,,747,1,,,0,70,,757,1,,,0,30,,748,1,,,0,70,,759,1,,,0,30,,749,1,,,0,70,,760,1,,,0,30,,750,1,,,0,70,,761,1,,,0,30,,751,1,,,0,70,,762,1,,,0,30,,752,1,,,0,70,,763,1,,,0,30,,753,1,,,0,70,,764,1,,,0,30,,754,1,,,0,70,,765,1,,,0,30,,755,1,,,0,70,,766,1,,,0,30,,756,1,,,0,70,,758,1,,,0,100,,767,1,,,0,100,,768,1,,,0,100,,769,1,,,0,100,,770,1,,,0,100,,771,1,,,0
100,'c_72078_b_87195_d_31',717,,1168,1,,,0,30,,1142,1,,,0,70,,1169,1,,,0,30,,1143,1,,,0,70,,1153,1,,,0,30,,1144,1,,,0,70,,1155,1,,,0,30,,1145,1,,,0,70,,1156,1,,,0,30,,1146,1,,,0,70,,1157,1,,,0,30,,1147,1,,,0,70,,1158,1,,,0,30,,1148,1,,,0,70,,1159,1,,,0,30,,1149,1,,,0,70,,1160,1,,,0,30,,1150,1,,,0,70,,1161,1,,,0,30,,1151,1,,,0,70,,1162,1,,,0,30,,1152,1,,,0,70,,1154,1,,,0,100,,1163,1,,,0,100,,1164,1,,,0,100,,1165,1,,,0,100,,1166,1,,,0,100,,1167,1,,,0
100,'c_72079_b_87196_d_32',747,,1174,1,,,0,100,,1185,1,,,0,70,,1175,1,,,0,30,,1186,1,,,0,70,,1177,1,,,0,30,,1187,1,,,0,70,,1178,1,,,0,30,,1188,1,,,0,70,,1179,1,,,0,30,,1189,1,,,0,70,,1180,1,,,0,30,,1190,1,,,0,70,,1181,1,,,0,30,,1170,1,,,0,70,,1182,1,,,0,30,,1171,1,,,0,70,,1183,1,,,0,30,,1172,1,,,0,70,,1184,1,,,0,30,,1173,1,,,0,70,,1176,1,,,0,100,,1191,1,,,0,100,,1192,1,,,0,100,,1193,1,,,0,100,,1194,1,,,0,100,,1195,1,,,0
100,'c_72081_b_87198_d_64',917,,1196,1,,,0,30,,1206,1,,,0,70,,1198,1,,,0,30,,1207,1,,,0,70,,1199,1,,,0,30,,1208,1,,,0,70,,1200,1,,,0,30,,1209,1,,,0,70,,1201,1,,,0,30,,1210,1,,,0,70,,1202,1,,,0,30,,1211,1,,,0,70,,1203,1,,,0,30,,1212,1,,,0,70,,1204,1,,,0,30,,1213,1,,,0,70,,1205,1,,,0,30,,1214,1,,,0,70,,1197,1,,,0
101,'c_71837_b_86637_d_96',721,,789,20,4,,0,100,,774,20,4,,0,30,,790,20,4,,0,70,,775,20,4,,0,30,,793,20,4,,0,70,,776,20,4,,0,30,,794,20,4,,0,70,,777,20,4,,0,30,,795,20,4,,0,70,,778,20,4,,0,30,,796,20,4,,0,70,,779,20,4,,0,30,,797,20,4,,0,70,,780,20,4,,0,30,,798,20,4,,0,70,,781,20,4,,0,30,,799,20,4,,0,70,,782,20,4,,0,30,,800,20,4,,0,70,,783,20,4,,0,30,,791,20,4,,0,70,,784,20,4,,0,30,,792,20,4,,0,100,,785,20,4,,0,100,,786,20,4,,0,100,,787,20,4,,0,100,,788,20,4,,0
101,'c_71839_b_86639_d_31',646,,811,20,4,,0,70,,812,20,4,,0,35,,821,20,4,,0,70,,822,20,4,,0,30,,829,20,4,,0,70,,823,20,4,,0,30,,801,20,4,,0,70,,824,20,4,,0,30,,803,20,4,,0,70,,825,20,4,,0,30,,804,20,4,,0,70,,826,20,4,,0,30,,805,20,4,,0,70,,827,20,4,,0,30,,806,20,4,,0,70,,828,20,4,,0,30,,807,20,4,,0,70,,813,20,4,,0,30,,808,20,4,,0,70,,814,20,4,,0,30,,809,20,4,,0,70,,815,20,4,,0,30,,810,20,4,,0,70,,816,20,4,,0,30,,802,20,4,,0,100,,817,20,4,,0,100,,818,20,4,,0,100,,819,20,4,,0,100,,820,20,4,,0
101,'c_72078_b_87195_d_31',646,,1229,20,4,,0,70,,1230,20,4,,0,35,,1235,20,4,,0,70,,1236,20,4,,0,30,,1243,20,4,,0,70,,1237,20,4,,0,30,,1215,20,4,,0,70,,1238,20,4,,0,30,,1217,20,4,,0,70,,1239,20,4,,0,30,,1218,20,4,,0,70,,1240,20,4,,0,30,,1219,20,4,,0,70,,1241,20,4,,0,30,,1220,20,4,,0,70,,1242,20,4,,0,30,,1221,20,4,,0,70,,1231,20,4,,0,30,,1222,20,4,,0,70,,1232,20,4,,0,30,,1223,20,4,,0,70,,1233,20,4,,0,30,,1224,20,4,,0,70,,1234,20,4,,0,30,,1216,20,4,,0,100,,1225,20,4,,0,100,,1226,20,4,,0,100,,1227,20,4,,0,100,,1228,20,4,,0
101,'c_72079_b_87196_d_32',721,,1259,20,4,,0,100,,1244,20,4,,0,30,,1260,20,4,,0,70,,1245,20,4,,0,30,,1263,20,4,,0,70,,1246,20,4,,0,30,,1264,20,4,,0,70,,1247,20,4,,0,30,,1265,20,4,,0,70,,1248,20,4,,0,30,,1266,20,4,,0,70,,1249,20,4,,0,30,,1267,20,4,,0,70,,1250,20,4,,0,30,,1268,20,4,,0,70,,1251,20,4,,0,30,,1269,20,4,,0,70,,1252,20,4,,0,30,,1270,20,4,,0,70,,1253,20,4,,0,30,,1261,20,4,,0,70,,1254,20,4,,0,30,,1262,20,4,,0,100,,1255,20,4,,0,100,,1256,20,4,,0,100,,1257,20,4,,0,100,,1258,20,4,,0
101,'c_72081_b_87198_d_64',921,,1280,20,4,,0,30,,1271,20,4,,0,70,,1281,20,4,,0,30,,1272,20,4,,0,70,,1282,20,4,,0,30,,1273,20,4,,0,70,,1283,20,4,,0,30,,1274,20,4,,0,70,,1284,20,4,,0,30,,1275,20,4,,0,70,,1285,20,4,,0,30,,1276,20,4,,0,70,,1286,20,4,,0,30,,1277,20,4,,0,70,,1287,20,4,,0,30,,1278,20,4,,0,70,,1288,20,4,,0,30,,1279,20,4,,0
300,'c_71837_b_86637_d_96',715,,848,1,,,0,100,,845,1,,,0,100,,849,1,,,0,100,,846,1,,,0,100,,850,1,,,0,100,,847,1,,,0,100,,851,1,,,0,100,,833,1,,,0,100,,852,1,,,0,100,,834,1,,,0,100,,853,1,,,0,130,,830,1,,,0,200,,831,1,,,0,200,,832,1,,,0
300,'c_71839_b_86639_d_31',710,,865,1,,,0,105,,866,1,,,0,100,,869,1,,,0,100,,867,1,,,0,100,,870,1,,,0,100,,868,1,,,0,100,,871,1,,,0,100,,860,1,,,0,100,,858,1,,,0,100,,861,1,,,0,100,,859,1,,,0,130,,862,1,,,0,200,,863,1,,,0,200,,864,1,,,0
300,'c_72078_b_87195_d_31',710,,1292,1,,,0,105,,1311,1,,,0,100,,1314,1,,,0,100,,1312,1,,,0,100,,1315,1,,,0,100,,1313,1,,,0,100,,1316,1,,,0,100,,1309,1,,,0,100,,1307,1,,,0,100,,1310,1,,,0,100,,1308,1,,,0,130,,1289,1,,,0,200,,1290,1,,,0,200,,1291,1,,,0
300,'c_72079_b_87196_d_32',715,,1339,1,,,0,100,,1336,1,,,0,100,,1340,1,,,0,100,,1337,1,,,0,100,,1341,1,,,0,100,,1338,1,,,0,100,,1342,1,,,0,100,,1334,1,,,0,100,,1343,1,,,0,100,,1335,1,,,0,100,,1344,1,,,0,130,,1331,1,,,0,200,,1332,1,,,0,200,,1333,1,,,0
300,'c_72081_b_87198_d_64',915,,1349,1,,,0,100,,1345,1,,,0,100,,1350,1,,,0,100,,1346,1,,,0,100,,1351,1,,,0,100,,1347,1,,,0,100,,1352,1,,,0,100,,1348,1,,,0,100,,1353,1,,,0
301,'c_71837_b_86637_d_96',851,,887,29,4,,0,100,,890,29,4,,0,100,,888,29,4,,0,100,,891,29,4,,0,100,,889,29,4,,0,100,,892,29,4,,0,100,,886,29,4,,0,100,,893,29,4,,0,100,,895,29,4,,0,100,,894,29,4,,0,100,,896,29,4,,0,170,,897,32,4,,0,200,,898,32,4,,0
301,'c_71839_b_86639_d_31',851,,900,29,4,,0,100,,905,29,4,,0,100,,901,29,4,,0,100,,906,29,4,,0,100,,902,29,4,,0,100,,907,29,4,,0,100,,899,29,4,,0,100,,903,29,4,,0,100,,910,29,4,,0,100,,904,29,4,,0,100,,911,29,4,,0,170,,908,32,4,,0,200,,909,32,4,,0
301,'c_72078_b_87195_d_31',851,,1364,29,4,,0,100,,1372,29,4,,0,100,,1365,29,4,,0,100,,1373,29,4,,0,100,,1366,29,4,,0,100,,1374,29,4,,0,100,,1369,29,4,,0,100,,1370,29,4,,0,100,,1375,29,4,,0,100,,1371,29,4,,0,100,,1376,29,4,,0,170,,1367,32,4,,0,200,,1368,32,4,,0
301,'c_72079_b_87196_d_32',851,,1378,29,4,,0,100,,1381,29,4,,0,100,,1379,29,4,,0,100,,1382,29,4,,0,100,,1380,29,4,,0,100,,1383,29,4,,0,100,,1377,29,4,,0,100,,1384,29,4,,0,100,,1386,29,4,,0,100,,1385,29,4,,0,100,,1387,29,4,,0,170,,1388,32,4,,0,200,,1389,32,4,,0
301,'c_72081_b_87198_d_64',951,,1394,29,4,,0,100,,1390,29,4,,0,100,,1395,29,4,,0,100,,1391,29,4,,0,100,,1396,29,4,,0,100,,1392,29,4,,0,100,,1397,29,4,,0,100,,1393,29,4,,0,100,,1398,29,4,,0
400,'c_71837_b_86637_d_96',845,,933,1,,,0,100,,921,1,,,0,100,,934,1,,,0,100,,922,1,,,0,100,,935,1,,,0,100,,923,1,,,0,100,,936,1,,,0,100,,924,1,,,0,100,,937,1,,,0,100,,925,1,,,0,200,,912,1,,,0,200,,913,1,,,0
400,'c_71839_b_86639_d_31',640,,966,1,,,0,105,,944,1,,,0,100,,942,1,,,0,100,,961,1,,,0,100,,957,1,,,0,100,,962,1,,,0,100,,958,1,,,0,100,,963,1,,,0,100,,959,1,,,0,100,,964,1,,,0,100,,960,1,,,0,100,,965,1,,,0,200,,940,1,,,0,200,,941,1,,,0
400,'c_72078_b_87195_d_31',640,,1428,1,,,0,105,,1405,1,,,0,100,,1403,1,,,0,100,,1422,1,,,0,100,,1418,1,,,0,100,,1423,1,,,0,100,,1419,1,,,0,100,,1424,1,,,0,100,,1420,1,,,0,100,,1425,1,,,0,100,,1421,1,,,0,100,,1426,1,,,0,200,,1401,1,,,0,200,,1402,1,,,0
400,'c_72079_b_87196_d_32',845,,1450,1,,,0,100,,1438,1,,,0,100,,1451,1,,,0,100,,1439,1,,,0,100,,1452,1,,,0,100,,1440,1,,,0,100,,1453,1,,,0,100,,1441,1,,,0,100,,1454,1,,,0,100,,1442,1,,,0,200,,1429,1,,,0,200,,1430,1,,,0
400,'c_72081_b_87198_d_64',945,,1459,1,,,0,100,,1455,1,,,0,100,,1460,1,,,0,100,,1456,1,,,0,100,,1461,1,,,0,100,,1457,1,,,0,100,,1462,1,,,0,100,,1458,1,,,0,100,,1463,1,,,0
401,'c_71837_b_86637_d_96',750,,968,32,4,,0,170,,969,29,4,,0,100,,974,29,4,,0,100,,970,29,4,,0,100,,975,29,4,,0,100,,971,29,4,,0,100,,976,29,4,,0,100,,972,29,4,,0,100,,977,29,4,,0,100,,973,29,4,,0,100,,978,29,4,,0,100,,981,32,4,,0,200,,979,32,4,,0,200,,980,32,4,,0
401,'c_71839_b_86639_d_31',701,,982,29,4,,0,50,,985,29,4,,0,70,,983,29,4,,0,100,,984,29,4,,0,100,,991,29,4,,0,100,,986,29,4,,0,100,,992,29,4,,0,100,,987,29,4,,0,100,,993,29,4,,0,100,,988,29,4,,0,100,,994,29,4,,0,100,,989,29,4,,0,100,,995,29,4,,0,100,,990,32,4,,0,200,,996,32,4,,0,200,,997,32,4,,0
401,'c_72078_b_87195_d_31',701,,1474,29,4,,0,50,,1477,29,4,,0,70,,1475,29,4,,0,100,,1476,29,4,,0,100,,1483,29,4,,0,100,,1478,29,4,,0,100,,1484,29,4,,0,100,,1479,29,4,,0,100,,1485,29,4,,0,100,,1480,29,4,,0,100,,1486,29,4,,0,100,,1481,29,4,,0,100,,1487,29,4,,0,100,,1482,32,4,,0,200,,1488,32,4,,0,200,,1489,32,4,,0
401,'c_72079_b_87196_d_32',750,,1490,32,4,,0,170,,1491,29,4,,0,100,,1496,29,4,,0,100,,1492,29,4,,0,100,,1497,29,4,,0,100,,1493,29,4,,0,100,,1498,29,4,,0,100,,1494,29,4,,0,100,,1499,29,4,,0,100,,1495,29,4,,0,100,,1500,29,4,,0,100,,1503,32,4,,0,200,,1501,32,4,,0,200,,1502,32,4,,0
401,'c_72081_b_87198_d_64',1021,,1509,29,4,,0,100,,1504,29,4,,0,100,,1510,29,4,,0,100,,1505,29,4,,0,100,,1511,29,4,,0,100,,1506,29,4,,0,100,,1512,29,4,,0,100,,1507,29,4,,0,100,,1508,32,4,,0
700,'c_71885_b_86774_d_31',1300,,1069,1,,,0,400,,1070,1,,,0
700,'c_72080_b_87197_d_31',1300,,1513,1,,,0,400,,1514,1,,,0
700,'c_72082_b_87203_d_31',1300,,1515,1,,,0,400,,1516,1,,,0
701,'c_71885_b_86774_d_31',718,,1071,21,4,,0
701,'c_72080_b_87197_d_31',718,,1517,21,4,,0
701,'c_72082_b_87203_d_31',718,,1518,21,4,,0
800,'c_71885_b_86774_d_31',700,,1089,1,,,0,30,,1075,1,,,0,70,,1097,1,,,0,30,,1090,1,,,0,70,,1074,1,,,0,30,,1091,1,,,0,70,,1101,1,,,0,30,,1098,1,,,0,70,,1092,1,,,0,30,,1102,1,,,0,70,,1099,1,,,0,30,,1093,1,,,0,100,,1100,1,,,0,70,,1094,1,,,0,30,,1106,1,,,0,70,,1104,1,,,0,30,,1103,1,,,0,70,,1095,1,,,0,30,,1105,1,,,0,100,,1096,1,,,0
800,'c_72080_b_87197_d_31',700,,1524,1,,,0,30,,1522,1,,,0,70,,1544,1,,,0,30,,1525,1,,,0,70,,1521,1,,,0,30,,1538,1,,,0,70,,1548,1,,,0,30,,1545,1,,,0,70,,1539,1,,,0,30,,1549,1,,,0,70,,1546,1,,,0,30,,1540,1,,,0,100,,1547,1,,,0,70,,1541,1,,,0,30,,1553,1,,,0,70,,1551,1,,,0,30,,1550,1,,,0,70,,1542,1,,,0,30,,1552,1,,,0,100,,1543,1,,,0
800,'c_72082_b_87203_d_31',700,,1565,1,,,0,100,,1577,1,,,0,30,,1566,1,,,0,70,,1563,1,,,0,100,,1581,1,,,0,30,,1578,1,,,0,100,,1582,1,,,0,70,,1579,1,,,0,130,,1580,1,,,0,100,,1586,1,,,0,70,,1584,1,,,0,30,,1583,1,,,0,70,,1575,1,,,0,30,,1585,1,,,0,100,,1576,1,,,0
801,'c_71885_b_86774_d_31',740,,1117,14,4,,0,70,,1115,14,4,,0,30,,1116,14,4,,0,70,,1118,14,4,,0,30,,1125,14,4,,0,70,,1122,14,4,,0,30,,1119,14,4,,0,70,,1126,14,4,,0,30,,1123,14,4,,0,70,,1120,14,4,,0,30,,1127,14,4,,0,70,,1124,14,4,,0,30,,1121,14,4,,0,70,,1128,14,4,,0,30,,1136,14,4,,0,70,,1131,14,4,,0,30,,1129,14,4,,0,70,,1134,14,4,,0,30,,1132,14,4,,0,70,,1130,14,4,,0,30,,1135,14,4,,0,70,,1133,14,4,,0
801,'c_72080_b_87197_d_31',740,,1597,14,4,,0,70,,1595,14,4,,0,30,,1596,14,4,,0,70,,1598,14,4,,0,30,,1605,14,4,,0,70,,1602,14,4,,0,30,,1599,14,4,,0,70,,1606,14,4,,0,30,,1603,14,4,,0,70,,1600,14,4,,0,30,,1607,14,4,,0,70,,1604,14,4,,0,30,,1601,14,4,,0,70,,1608,14,4,,0,30,,1616,14,4,,0,70,,1611,14,4,,0,30,,1609,14,4,,0,70,,1614,14,4,,0,30,,1612,14,4,,0,70,,1610,14,4,,0,30,,1615,14,4,,0,70,,1613,14,4,,0
801,'c_72082_b_87203_d_31',740,,1618,14,4,,0,70,,1617,14,4,,0,100,,1619,14,4,,0,30,,1623,14,4,,0,70,,1620,14,4,,0,100,,1624,14,4,,0,30,,1621,14,4,,0,100,,1625,14,4,,0,70,,1622,14,4,,0,100,,1626,14,4,,0,30,,1634,14,4,,0,70,,1629,14,4,,0,30,,1627,14,4,,0,70,,1632,14,4,,0,30,,1630,14,4,,0,70,,1628,14,4,,0,30,,1633,14,4,,0,70,,1631,14,4,,0
901,'c_71885_b_86774_d_31',640,,1139,2,4,,0,60,,1141,2,4,,0,30,,1140,2,4,,0
901,'c_72080_b_87197_d_31',640,,1639,2,4,,0,60,,1641,2,4,,0,30,,1640,2,4,,0
901,'c_72082_b_87203_d_31',640,,1642,2,4,,0,60,,1644,2,4,,0,30,,1643,2,4,,0
