300,'c_71837_b_86637_d_96',742,,848,28,,,0,100,,845,28,,,0,100,,849,28,,,0,100,,846,28,,,0,100,,850,28,,,0,100,,847,28,,,0,100,,851,28,,,0,100,,833,28,,,0,100,,852,28,,,0,100,,834,28,,,0,100,,853,28,,,0,170,,830,28,,,0,200,,831,28,,,0,200,,832,28,,,0
300,'c_71839_b_86639_d_31',737,,865,28,,,0,105,,866,28,,,0,100,,869,28,,,0,100,,867,28,,,0,100,,870,28,,,0,100,,868,28,,,0,100,,871,28,,,0,100,,860,28,,,0,100,,858,28,,,0,100,,861,28,,,0,100,,859,28,,,0,170,,862,28,,,0,200,,863,28,,,0,200,,864,28,,,0
300,'c_72078_b_87195_d_31',737,,1292,28,,,0,105,,1311,28,,,0,100,,1314,28,,,0,100,,1312,28,,,0,100,,1315,28,,,0,100,,1313,28,,,0,100,,1316,28,,,0,100,,1309,28,,,0,100,,1307,28,,,0,100,,1310,28,,,0,100,,1308,28,,,0,170,,1289,28,,,0,200,,1290,28,,,0,200,,1291,28,,,0
300,'c_72079_b_87196_d_32',742,,1339,28,,,0,100,,1336,28,,,0,100,,1340,28,,,0,100,,1337,28,,,0,100,,1341,28,,,0,100,,1338,28,,,0,100,,1342,28,,,0,100,,1334,28,,,0,100,,1343,28,,,0,100,,1335,28,,,0,100,,1344,28,,,0,170,,1331,28,,,0,200,,1332,28,,,0,200,,1333,28,,,0
300,'c_72081_b_87198_d_64',942,,1349,28,,,0,100,,1345,28,,,0,100,,1350,28,,,0,100,,1346,28,,,0,100,,1351,28,,,0,100,,1347,28,,,0,100,,1352,28,,,0,100,,1348,28,,,0,100,,1353,28,,,0
400,'c_71837_b_86637_d_96',910,,933,28,,,0,100,,921,28,,,0,100,,934,28,,,0,100,,922,28,,,0,100,,935,28,,,0,100,,923,28,,,0,100,,936,28,,,0,100,,924,28,,,0,100,,937,28,,,0,100,,925,28,,,0,200,,912,28,,,0,200,,913,28,,,0
400,'c_71839_b_86639_d_31',707,,966,28,,,0,105,,944,28,,,0,100,,942,28,,,0,100,,961,28,,,0,100,,957,28,,,0,100,,962,28,,,0,100,,958,28,,,0,100,,963,28,,,0,100,,959,28,,,0,100,,964,28,,,0,100,,960,28,,,0,100,,965,28,,,0,200,,940,28,,,0,200,,941,28,,,0
400,'c_72078_b_87195_d_31',707,,1428,28,,,0,105,,1405,28,,,0,100,,1403,28,,,0,100,,1422,28,,,0,100,,1418,28,,,0,100,,1423,28,,,0,100,,1419,28,,,0,100,,1424,28,,,0,100,,1420,28,,,0,100,,1425,28,,,0,100,,1421,28,,,0,100,,1426,28,,,0,200,,1401,28,,,0,200,,1402,28,,,0
400,'c_72079_b_87196_d_32',910,,1450,28,,,0,100,,1438,28,,,0,100,,1451,28,,,0,100,,1439,28,,,0,100,,1452,28,,,0,100,,1440,28,,,0,100,,1453,28,,,0,100,,1441,28,,,0,100,,1454,28,,,0,100,,1442,28,,,0,200,,1429,28,,,0,200,,1430,28,,,0
400,'c_72081_b_87198_d_64',1012,,1459,28,,,0,100,,1455,28,,,0,100,,1460,28,,,0,100,,1456,28,,,0,100,,1461,28,,,0,100,,1457,28,,,0,100,,1462,28,,,0,100,,1458,28,,,0,100,,1463,28,,,0
