301,'c_71837_b_86637_d_96',831,,887,16,,,0,100,,890,16,,,0,100,,888,16,,,0,100,,891,16,,,0,100,,889,16,,,0,100,,892,16,,,0,100,,886,16,,,0,100,,893,16,,,0,100,,895,16,,,0,100,,894,16,,,0,100,,896,16,,,0,170,,897,16,0,16 13,0,200,,898,16,0,16 13,0
301,'c_71839_b_86639_d_31',831,,900,16,,,0,100,,905,16,,,0,100,,901,16,,,0,100,,906,16,,,0,100,,902,16,,,0,100,,907,16,,,0,100,,899,16,,,0,100,,903,16,,,0,100,,910,16,,,0,100,,904,16,,,0,100,,911,16,,,0,170,,908,16,0,16 13,0,200,,909,16,0,16 13,0
301,'c_72078_b_87195_d_31',831,,1364,16,,,0,100,,1372,16,,,0,100,,1365,16,,,0,100,,1373,16,,,0,100,,1366,16,,,0,100,,1374,16,,,0,100,,1369,16,,,0,100,,1370,16,,,0,100,,1375,16,,,0,100,,1371,16,,,0,100,,1376,16,,,0,170,,1367,16,0,16 13,0,200,,1368,16,0,16 13,0
301,'c_72079_b_87196_d_32',831,,1378,16,,,0,100,,1381,16,,,0,100,,1379,16,,,0,100,,1382,16,,,0,100,,1380,16,,,0,100,,1383,16,,,0,100,,1377,16,,,0,100,,1384,16,,,0,100,,1386,16,,,0,100,,1385,16,,,0,100,,1387,16,,,0,170,,1388,16,0,16 13,0,200,,1389,16,0,16 13,0
301,'c_72081_b_87198_d_64',931,,1394,16,,,0,100,,1390,16,,,0,100,,1395,16,,,0,100,,1391,16,,,0,100,,1396,16,,,0,100,,1392,16,,,0,100,,1397,16,,,0,100,,1393,16,,,0,100,,1398,16,,,0
401,'c_71837_b_86637_d_96',731,,968,16,0,16 13,0,170,,969,16,,,0,100,,974,16,,,0,100,,970,16,,,0,100,,975,16,,,0,100,,971,16,,,0,100,,976,16,,,0,100,,972,16,,,0,100,,977,16,,,0,100,,973,16,,,0,100,,978,16,,,0,100,,981,16,0,16 13,0,200,,979,16,0,16 13,0,200,,980,16,0,16 13,0
401,'c_71839_b_86639_d_31',641,,982,16,,,0,90,,985,16,,,0,70,,983,16,,,0,100,,984,16,,,0,100,,991,16,,,0,100,,986,16,,,0,100,,992,16,,,0,100,,987,16,,,0,100,,993,16,,,0,100,,988,16,,,0,100,,994,16,,,0,100,,989,16,,,0,100,,995,16,,,0,100,,990,16,0,16 13,0,200,,996,16,0,16 13,0,200,,997,16,0,16 13,0
401,'c_72078_b_87195_d_31',641,,1474,16,,,0,90,,1477,16,,,0,70,,1475,16,,,0,100,,1476,16,,,0,100,,1483,16,,,0,100,,1478,16,,,0,100,,1484,16,,,0,100,,1479,16,,,0,100,,1485,16,,,0,100,,1480,16,,,0,100,,1486,16,,,0,100,,1481,16,,,0,100,,1487,16,,,0,100,,1482,16,0,16 13,0,200,,1488,16,0,16 13,0,200,,1489,16,0,16 13,0
401,'c_72079_b_87196_d_32',731,,1490,16,0,16 13,0,170,,1491,16,,,0,100,,1496,16,,,0,100,,1492,16,,,0,100,,1497,16,,,0,100,,1493,16,,,0,100,,1498,16,,,0,100,,1494,16,,,0,100,,1499,16,,,0,100,,1495,16,,,0,100,,1500,16,,,0,100,,1503,16,0,16 13,0,200,,1501,16,0,16 13,0,200,,1502,16,0,16 13,0
401,'c_72081_b_87198_d_64',1001,,1509,16,,,0,100,,1504,16,,,0,100,,1510,16,,,0,100,,1505,16,,,0,100,,1511,16,,,0,100,,1506,16,,,0,100,,1512,16,,,0,100,,1507,16,,,0,100,,1508,16,0,16 13,0
