300,'c_71837_b_86637_d_96',737,,848,25,,,0,100,,845,25,,,0,100,,849,25,,,0,100,,846,25,,,0,100,,850,25,,,0,100,,847,25,,,0,100,,851,25,,,0,100,,833,25,,,0,100,,852,25,,,0,100,,834,25,,,0,100,,853,25,,,0,170,,830,25,,,0,200,,831,25,,,0,200,,832,25,,,0
300,'c_71839_b_86639_d_31',732,,865,25,,,0,105,,866,25,,,0,100,,869,25,,,0,100,,867,25,,,0,100,,870,25,,,0,100,,868,25,,,0,100,,871,25,,,0,100,,860,25,,,0,100,,858,25,,,0,100,,861,25,,,0,100,,859,25,,,0,170,,862,25,,,0,200,,863,25,,,0,200,,864,25,,,0
300,'c_72078_b_87195_d_31',732,,1292,25,,,0,105,,1311,25,,,0,100,,1314,25,,,0,100,,1312,25,,,0,100,,1315,25,,,0,100,,1313,25,,,0,100,,1316,25,,,0,100,,1309,25,,,0,100,,1307,25,,,0,100,,1310,25,,,0,100,,1308,25,,,0,170,,1289,25,,,0,200,,1290,25,,,0,200,,1291,25,,,0
300,'c_72079_b_87196_d_32',737,,1339,25,,,0,100,,1336,25,,,0,100,,1340,25,,,0,100,,1337,25,,,0,100,,1341,25,,,0,100,,1338,25,,,0,100,,1342,25,,,0,100,,1334,25,,,0,100,,1343,25,,,0,100,,1335,25,,,0,100,,1344,25,,,0,170,,1331,25,,,0,200,,1332,25,,,0,200,,1333,25,,,0
300,'c_72081_b_87198_d_64',937,,1349,25,,,0,100,,1345,25,,,0,100,,1350,25,,,0,100,,1346,25,,,0,100,,1351,25,,,0,100,,1347,25,,,0,100,,1352,25,,,0,100,,1348,25,,,0,100,,1353,25,,,0
400,'c_71837_b_86637_d_96',905,,933,25,,,0,100,,921,25,,,0,100,,934,25,,,0,100,,922,25,,,0,100,,935,25,,,0,100,,923,25,,,0,100,,936,25,,,0,100,,924,25,,,0,100,,937,25,,,0,100,,925,25,,,0,200,,912,25,,,0,200,,913,25,,,0
400,'c_71839_b_86639_d_31',702,,966,25,,,0,105,,944,25,,,0,100,,942,25,,,0,100,,961,25,,,0,100,,957,25,,,0,100,,962,25,,,0,100,,958,25,,,0,100,,963,25,,,0,100,,959,25,,,0,100,,964,25,,,0,100,,960,25,,,0,100,,965,25,,,0,200,,940,25,,,0,200,,941,25,,,0
400,'c_72078_b_87195_d_31',702,,1428,25,,,0,105,,1405,25,,,0,100,,1403,25,,,0,100,,1422,25,,,0,100,,1418,25,,,0,100,,1423,25,,,0,100,,1419,25,,,0,100,,1424,25,,,0,100,,1420,25,,,0,100,,1425,25,,,0,100,,1421,25,,,0,100,,1426,25,,,0,200,,1401,25,,,0,200,,1402,25,,,0
400,'c_72079_b_87196_d_32',905,,1450,25,,,0,100,,1438,25,,,0,100,,1451,25,,,0,100,,1439,25,,,0,100,,1452,25,,,0,100,,1440,25,,,0,100,,1453,25,,,0,100,,1441,25,,,0,100,,1454,25,,,0,100,,1442,25,,,0,200,,1429,25,,,0,200,,1430,25,,,0
400,'c_72081_b_87198_d_64',1007,,1459,25,,,0,100,,1455,25,,,0,100,,1460,25,,,0,100,,1456,25,,,0,100,,1461,25,,,0,100,,1457,25,,,0,100,,1462,25,,,0,100,,1458,25,,,0,100,,1463,25,,,0
700,'c_71885_b_86774_d_31',1320,,1069,16,,,0,400,,1070,16,,,0
700,'c_72080_b_87197_d_31',1320,,1513,16,,,0,400,,1514,16,,,0
700,'c_72082_b_87203_d_31',1320,,1515,16,,,0,400,,1516,16,,,0
800,'c_71885_b_86774_d_31',716,,1089,13,,,0,30,,1075,13,,,0,70,,1097,13,,,0,30,,1090,13,,,0,70,,1074,13,,,0,30,,1091,13,,,0,70,,1101,13,,,0,30,,1098,13,,,0,70,,1092,13,,,0,30,,1102,13,,,0,70,,1099,13,,,0,30,,1093,13,,,0,100,,1100,13,,,0,70,,1094,13,,,0,30,,1106,13,,,0,70,,1104,13,,,0,30,,1103,13,,,0,70,,1095,13,,,0,30,,1105,13,,,0,100,,1096,13,,,0
800,'c_72080_b_87197_d_31',716,,1524,13,,,0,30,,1522,13,,,0,70,,1544,13,,,0,30,,1525,13,,,0,70,,1521,13,,,0,30,,1538,13,,,0,70,,1548,13,,,0,30,,1545,13,,,0,70,,1539,13,,,0,30,,1549,13,,,0,70,,1546,13,,,0,30,,1540,13,,,0,100,,1547,13,,,0,70,,1541,13,,,0,30,,1553,13,,,0,70,,1551,13,,,0,30,,1550,13,,,0,70,,1542,13,,,0,30,,1552,13,,,0,100,,1543,13,,,0
800,'c_72082_b_87203_d_31',716,,1565,13,,,0,100,,1577,13,,,0,30,,1566,13,,,0,70,,1563,13,,,0,100,,1581,13,,,0,30,,1578,13,,,0,100,,1582,13,,,0,70,,1579,13,,,0,130,,1580,13,,,0,100,,1586,13,,,0,70,,1584,13,,,0,30,,1583,13,,,0,70,,1575,13,,,0,30,,1585,13,,,0,100,,1576,13,,,0
