301,'c_71837_b_86637_d_96',840,,887,24,,,0,100,,890,24,,,0,100,,888,24,,,0,100,,891,24,,,0,100,,889,24,,,0,100,,892,24,,,0,100,,886,24,,,0,100,,893,24,,,0,100,,895,24,,,0,100,,894,24,,,0,100,,896,24,,,0,170,,897,24,0,16 13,0,200,,898,24,0,16 13,0
301,'c_71839_b_86639_d_31',840,,900,24,,,0,100,,905,24,,,0,100,,901,24,,,0,100,,906,24,,,0,100,,902,24,,,0,100,,907,24,,,0,100,,899,24,,,0,100,,903,24,,,0,100,,910,24,,,0,100,,904,24,,,0,100,,911,24,,,0,170,,908,24,0,16 13,0,200,,909,24,0,16 13,0
301,'c_72078_b_87195_d_31',840,,1364,24,,,0,100,,1372,24,,,0,100,,1365,24,,,0,100,,1373,24,,,0,100,,1366,24,,,0,100,,1374,24,,,0,100,,1369,24,,,0,100,,1370,24,,,0,100,,1375,24,,,0,100,,1371,24,,,0,100,,1376,24,,,0,170,,1367,24,0,16 13,0,200,,1368,24,0,16 13,0
301,'c_72079_b_87196_d_32',840,,1378,24,,,0,100,,1381,24,,,0,100,,1379,24,,,0,100,,1382,24,,,0,100,,1380,24,,,0,100,,1383,24,,,0,100,,1377,24,,,0,100,,1384,24,,,0,100,,1386,24,,,0,100,,1385,24,,,0,100,,1387,24,,,0,170,,1388,24,0,16 13,0,200,,1389,24,0,16 13,0
301,'c_72081_b_87198_d_64',940,,1394,24,,,0,100,,1390,24,,,0,100,,1395,24,,,0,100,,1391,24,,,0,100,,1396,24,,,0,100,,1392,24,,,0,100,,1397,24,,,0,100,,1393,24,,,0,100,,1398,24,,,0
401,'c_71837_b_86637_d_96',740,,968,24,0,16 13,0,170,,969,24,,,0,100,,974,24,,,0,100,,970,24,,,0,100,,975,24,,,0,100,,971,24,,,0,100,,976,24,,,0,100,,972,24,,,0,100,,977,24,,,0,100,,973,24,,,0,100,,978,24,,,0,100,,981,24,0,16 13,0,200,,979,24,0,16 13,0,200,,980,24,0,16 13,0
401,'c_71839_b_86639_d_31',650,,982,24,,,0,90,,985,24,,,0,70,,983,24,,,0,100,,984,24,,,0,100,,991,24,,,0,100,,986,24,,,0,100,,992,24,,,0,100,,987,24,,,0,100,,993,24,,,0,100,,988,24,,,0,100,,994,24,,,0,100,,989,24,,,0,100,,995,24,,,0,100,,990,24,0,16 13,0,200,,996,24,0,16 13,0,200,,997,24,0,16 13,0
401,'c_72078_b_87195_d_31',650,,1474,24,,,0,90,,1477,24,,,0,70,,1475,24,,,0,100,,1476,24,,,0,100,,1483,24,,,0,100,,1478,24,,,0,100,,1484,24,,,0,100,,1479,24,,,0,100,,1485,24,,,0,100,,1480,24,,,0,100,,1486,24,,,0,100,,1481,24,,,0,100,,1487,24,,,0,100,,1482,24,0,16 13,0,200,,1488,24,0,16 13,0,200,,1489,24,0,16 13,0
401,'c_72079_b_87196_d_32',740,,1490,24,0,16 13,0,170,,1491,24,,,0,100,,1496,24,,,0,100,,1492,24,,,0,100,,1497,24,,,0,100,,1493,24,,,0,100,,1498,24,,,0,100,,1494,24,,,0,100,,1499,24,,,0,100,,1495,24,,,0,100,,1500,24,,,0,100,,1503,24,0,16 13,0,200,,1501,24,0,16 13,0,200,,1502,24,0,16 13,0
401,'c_72081_b_87198_d_64',1010,,1509,24,,,0,100,,1504,24,,,0,100,,1510,24,,,0,100,,1505,24,,,0,100,,1511,24,,,0,100,,1506,24,,,0,100,,1512,24,,,0,100,,1507,24,,,0,100,,1508,24,0,16 13,0
