301,'c_71837_b_86637_d_96',815,,887,2,,,0,100,,890,2,,,0,100,,888,2,,,0,100,,891,2,,,0,100,,889,2,,,0,100,,892,2,,,0,100,,886,2,,,0,100,,893,2,,,0,100,,895,2,,,0,100,,894,2,,,0,100,,896,2,,,0,130,,897,2,0,16 13,0,200,,898,2,0,16 13,0
301,'c_71839_b_86639_d_31',815,,900,2,,,0,100,,905,2,,,0,100,,901,2,,,0,100,,906,2,,,0,100,,902,2,,,0,100,,907,2,,,0,100,,899,2,,,0,100,,903,2,,,0,100,,910,2,,,0,100,,904,2,,,0,100,,911,2,,,0,130,,908,2,0,16 13,0,200,,909,2,0,16 13,0
301,'c_72078_b_87195_d_31',815,,1364,2,,,0,100,,1372,2,,,0,100,,1365,2,,,0,100,,1373,2,,,0,100,,1366,2,,,0,100,,1374,2,,,0,100,,1369,2,,,0,100,,1370,2,,,0,100,,1375,2,,,0,100,,1371,2,,,0,100,,1376,2,,,0,130,,1367,2,0,16 13,0,200,,1368,2,0,16 13,0
301,'c_72079_b_87196_d_32',815,,1378,2,,,0,100,,1381,2,,,0,100,,1379,2,,,0,100,,1382,2,,,0,100,,1380,2,,,0,100,,1383,2,,,0,100,,1377,2,,,0,100,,1384,2,,,0,100,,1386,2,,,0,100,,1385,2,,,0,100,,1387,2,,,0,130,,1388,2,0,16 13,0,200,,1389,2,0,16 13,0
301,'c_72081_b_87198_d_64',915,,1394,2,,,0,100,,1390,2,,,0,100,,1395,2,,,0,100,,1391,2,,,0,100,,1396,2,,,0,100,,1392,2,,,0,100,,1397,2,,,0,100,,1393,2,,,0,100,,1398,2,,,0
401,'c_71837_b_86637_d_96',715,,968,2,0,16 13,0,130,,969,2,,,0,100,,974,2,,,0,100,,970,2,,,0,100,,975,2,,,0,100,,971,2,,,0,100,,976,2,,,0,100,,972,2,,,0,100,,977,2,,,0,100,,973,2,,,0,100,,978,2,,,0,100,,981,2,0,16 13,0,200,,979,2,0,16 13,0,200,,980,2,0,16 13,0
401,'c_71839_b_86639_d_31',625,,982,2,,,0,90,,985,2,,,0,30,,983,2,,,0,100,,984,2,,,0,100,,991,2,,,0,100,,986,2,,,0,100,,992,2,,,0,100,,987,2,,,0,100,,993,2,,,0,100,,988,2,,,0,100,,994,2,,,0,100,,989,2,,,0,100,,995,2,,,0,100,,990,2,0,16 13,0,200,,996,2,0,16 13,0,200,,997,2,0,16 13,0
401,'c_72078_b_87195_d_31',625,,1474,2,,,0,90,,1477,2,,,0,30,,1475,2,,,0,100,,1476,2,,,0,100,,1483,2,,,0,100,,1478,2,,,0,100,,1484,2,,,0,100,,1479,2,,,0,100,,1485,2,,,0,100,,1480,2,,,0,100,,1486,2,,,0,100,,1481,2,,,0,100,,1487,2,,,0,100,,1482,2,0,16 13,0,200,,1488,2,0,16 13,0,200,,1489,2,0,16 13,0
401,'c_72079_b_87196_d_32',715,,1490,2,0,16 13,0,130,,1491,2,,,0,100,,1496,2,,,0,100,,1492,2,,,0,100,,1497,2,,,0,100,,1493,2,,,0,100,,1498,2,,,0,100,,1494,2,,,0,100,,1499,2,,,0,100,,1495,2,,,0,100,,1500,2,,,0,100,,1503,2,0,16 13,0,200,,1501,2,0,16 13,0,200,,1502,2,0,16 13,0
401,'c_72081_b_87198_d_64',945,,1509,2,,,0,100,,1504,2,,,0,100,,1510,2,,,0,100,,1505,2,,,0,100,,1511,2,,,0,100,,1506,2,,,0,100,,1512,2,,,0,100,,1507,2,,,0,100,,1508,2,0,16 13,0
701,'c_71885_b_86774_d_31',645,,1071,2,,,0
701,'c_72080_b_87197_d_31',645,,1517,2,,,0
701,'c_72082_b_87203_d_31',645,,1518,2,,,0
