300,'c_71837_b_86637_d_96',802,,854,16,0,5,0,100,,835,16,0,5,0,100,,855,16,0,5,0,100,,836,16,0,5,0,100,,856,16,0,5,0,100,,837,16,0,5,0,100,,857,16,0,5,0,100,,838,16,0,5,0,100,,840,16,0,5,0,100,,839,16,0,5,0,100,,841,16,0,5,0,130,,842,16,0,5,0,200,,843,16,0,5,0,200,,844,16,0,5,0
300,'c_71839_b_86639_d_31',801,,882,16,0,5,0,101,,872,16,0,5,0,100,,883,16,0,5,0,100,,873,16,0,5,0,100,,884,16,0,5,0,100,,874,16,0,5,0,100,,885,16,0,5,0,100,,877,16,0,5,0,100,,875,16,0,5,0,100,,878,16,0,5,0,100,,876,16,0,5,0,130,,879,16,0,5,0,200,,880,16,0,5,0,200,,881,16,0,5,0
300,'c_72078_b_87195_d_31',801,,1303,16,0,5,0,101,,1293,16,0,5,0,100,,1304,16,0,5,0,100,,1294,16,0,5,0,100,,1305,16,0,5,0,100,,1295,16,0,5,0,100,,1306,16,0,5,0,100,,1298,16,0,5,0,100,,1296,16,0,5,0,100,,1299,16,0,5,0,100,,1297,16,0,5,0,130,,1300,16,0,5,0,200,,1301,16,0,5,0,200,,1302,16,0,5,0
300,'c_72079_b_87196_d_32',802,,1327,16,0,5,0,100,,1317,16,0,5,0,100,,1328,16,0,5,0,100,,1318,16,0,5,0,100,,1329,16,0,5,0,100,,1319,16,0,5,0,100,,1330,16,0,5,0,100,,1320,16,0,5,0,100,,1322,16,0,5,0,100,,1321,16,0,5,0,100,,1323,16,0,5,0,130,,1324,16,0,5,0,200,,1325,16,0,5,0,200,,1326,16,0,5,0
300,'c_72081_b_87198_d_64',902,,1354,16,0,5,0,100,,1359,16,0,5,0,100,,1355,16,0,5,0,100,,1360,16,0,5,0,100,,1356,16,0,5,0,100,,1361,16,0,5,0,100,,1357,16,0,5,0,100,,1362,16,0,5,0,100,,1358,16,0,5,0,100,,1363,16,0,5,0
21290000,'c_70811_b_87199_d_14',806,,1645,3,,,0,30,,1646,3,,,0
21290000,'c_70811_b_87199_d_31',906,,1647,3,,,0,30,,1657,3,,,0,70,,1658,3,,,0,30,,1659,3,,,0,70,,1660,3,,,0,30,,1661,3,,,0,70,,1662,3,,,0,30,,1663,3,,,0,70,,1664,3,,,0,30,,1648,3,,,0,70,,1649,3,,,0,30,,1650,3,,,0,70,,1651,3,,,0,30,,1652,3,,,0,70,,1653,3,,,0,30,,1654,3,,,0,70,,1655,3,,,0,30,,1656,3,,,0
21290000,'c_70811_b_87199_d_4',1806,,1665,3,,,0,30,,1666,3,,,0,70,,1667,3,,,0,30,,1668,3,,,0,70,,1669,3,,,0,30,,1670,3,,,0
21290000,'c_70811_b_87199_d_8',736,,1675,3,,,0,1070,,1671,3,,,0,30,,1672,3,,,0,70,,1673,3,,,0,30,,1674,3,,,0
21290000,'c_70811_b_87200_d_14',806,,1676,3,,,0,30,,1677,3,,,0
21290000,'c_70811_b_87200_d_31',906,,1678,3,,,0,30,,1688,3,,,0,70,,1689,3,,,0,30,,1690,3,,,0,70,,1691,3,,,0,30,,1692,3,,,0,70,,1693,3,,,0,30,,1694,3,,,0,70,,1695,3,,,0,30,,1679,3,,,0,70,,1680,3,,,0,30,,1681,3,,,0,70,,1682,3,,,0,30,,1683,3,,,0,70,,1684,3,,,0,30,,1685,3,,,0,70,,1686,3,,,0,30,,1687,3,,,0
21290000,'c_70811_b_87200_d_4',1806,,1696,3,,,0,30,,1697,3,,,0,70,,1698,3,,,0,30,,1699,3,,,0,70,,1700,3,,,0,30,,1701,3,,,0
21290000,'c_70811_b_87200_d_8',736,,1706,3,,,0,1070,,1702,3,,,0,30,,1703,3,,,0,70,,1704,3,,,0,30,,1705,3,,,0
21290000,'c_70811_b_87201_d_14',806,,1707,3,,,0,30,,1708,3,,,0
21290000,'c_70811_b_87201_d_31',906,,1709,3,,,0,30,,1719,3,,,0,70,,1720,3,,,0,30,,1721,3,,,0,70,,1722,3,,,0,30,,1723,3,,,0,70,,1724,3,,,0,30,,1725,3,,,0,70,,1726,3,,,0,30,,1710,3,,,0,70,,1711,3,,,0,30,,1712,3,,,0,70,,1713,3,,,0,30,,1714,3,,,0,70,,1715,3,,,0,30,,1716,3,,,0,70,,1717,3,,,0,30,,1718,3,,,0
21290000,'c_70811_b_87201_d_4',1806,,1727,3,,,0,30,,1728,3,,,0,70,,1729,3,,,0,30,,1730,3,,,0,70,,1731,3,,,0,30,,1732,3,,,0
21290000,'c_70811_b_87201_d_8',736,,1737,3,,,0,1070,,1733,3,,,0,30,,1734,3,,,0,70,,1735,3,,,0,30,,1736,3,,,0
