300,'c_71837_b_86637_d_96',738,,848,26,,,0,100,,845,26,,,0,100,,849,26,,,0,100,,846,26,,,0,100,,850,26,,,0,100,,847,26,,,0,100,,851,26,,,0,100,,833,26,,,0,100,,852,26,,,0,100,,834,26,,,0,100,,853,26,,,0,170,,830,26,,,0,200,,831,26,,,0,200,,832,26,,,0
300,'c_71839_b_86639_d_31',733,,865,26,,,0,105,,866,26,,,0,100,,869,26,,,0,100,,867,26,,,0,100,,870,26,,,0,100,,868,26,,,0,100,,871,26,,,0,100,,860,26,,,0,100,,858,26,,,0,100,,861,26,,,0,100,,859,26,,,0,170,,862,26,,,0,200,,863,26,,,0,200,,864,26,,,0
300,'c_72078_b_87195_d_31',733,,1292,26,,,0,105,,1311,26,,,0,100,,1314,26,,,0,100,,1312,26,,,0,100,,1315,26,,,0,100,,1313,26,,,0,100,,1316,26,,,0,100,,1309,26,,,0,100,,1307,26,,,0,100,,1310,26,,,0,100,,1308,26,,,0,170,,1289,26,,,0,200,,1290,26,,,0,200,,1291,26,,,0
300,'c_72079_b_87196_d_32',738,,1339,26,,,0,100,,1336,26,,,0,100,,1340,26,,,0,100,,1337,26,,,0,100,,1341,26,,,0,100,,1338,26,,,0,100,,1342,26,,,0,100,,1334,26,,,0,100,,1343,26,,,0,100,,1335,26,,,0,100,,1344,26,,,0,170,,1331,26,,,0,200,,1332,26,,,0,200,,1333,26,,,0
300,'c_72081_b_87198_d_64',938,,1349,26,,,0,100,,1345,26,,,0,100,,1350,26,,,0,100,,1346,26,,,0,100,,1351,26,,,0,100,,1347,26,,,0,100,,1352,26,,,0,100,,1348,26,,,0,100,,1353,26,,,0
400,'c_71837_b_86637_d_96',906,,933,26,,,0,100,,921,26,,,0,100,,934,26,,,0,100,,922,26,,,0,100,,935,26,,,0,100,,923,26,,,0,100,,936,26,,,0,100,,924,26,,,0,100,,937,26,,,0,100,,925,26,,,0,200,,912,26,,,0,200,,913,26,,,0
400,'c_71839_b_86639_d_31',703,,966,26,,,0,105,,944,26,,,0,100,,942,26,,,0,100,,961,26,,,0,100,,957,26,,,0,100,,962,26,,,0,100,,958,26,,,0,100,,963,26,,,0,100,,959,26,,,0,100,,964,26,,,0,100,,960,26,,,0,100,,965,26,,,0,200,,940,26,,,0,200,,941,26,,,0
400,'c_72078_b_87195_d_31',703,,1428,26,,,0,105,,1405,26,,,0,100,,1403,26,,,0,100,,1422,26,,,0,100,,1418,26,,,0,100,,1423,26,,,0,100,,1419,26,,,0,100,,1424,26,,,0,100,,1420,26,,,0,100,,1425,26,,,0,100,,1421,26,,,0,100,,1426,26,,,0,200,,1401,26,,,0,200,,1402,26,,,0
400,'c_72079_b_87196_d_32',906,,1450,26,,,0,100,,1438,26,,,0,100,,1451,26,,,0,100,,1439,26,,,0,100,,1452,26,,,0,100,,1440,26,,,0,100,,1453,26,,,0,100,,1441,26,,,0,100,,1454,26,,,0,100,,1442,26,,,0,200,,1429,26,,,0,200,,1430,26,,,0
400,'c_72081_b_87198_d_64',1008,,1459,26,,,0,100,,1455,26,,,0,100,,1460,26,,,0,100,,1456,26,,,0,100,,1461,26,,,0,100,,1457,26,,,0,100,,1462,26,,,0,100,,1458,26,,,0,100,,1463,26,,,0
700,'c_71885_b_86774_d_31',1321,,1069,17,,,0,400,,1070,17,,,0
700,'c_72080_b_87197_d_31',1321,,1513,17,,,0,400,,1514,17,,,0
700,'c_72082_b_87203_d_31',1321,,1515,17,,,0,400,,1516,17,,,0
800,'c_71885_b_86774_d_31',717,,1089,14,,,0,30,,1075,14,,,0,70,,1097,14,,,0,30,,1090,14,,,0,70,,1074,14,,,0,30,,1091,14,,,0,70,,1101,14,,,0,30,,1098,14,,,0,70,,1092,14,,,0,30,,1102,14,,,0,70,,1099,14,,,0,30,,1093,14,,,0,100,,1100,14,,,0,70,,1094,14,,,0,30,,1106,14,,,0,70,,1104,14,,,0,30,,1103,14,,,0,70,,1095,14,,,0,30,,1105,14,,,0,100,,1096,14,,,0
800,'c_72080_b_87197_d_31',717,,1524,14,,,0,30,,1522,14,,,0,70,,1544,14,,,0,30,,1525,14,,,0,70,,1521,14,,,0,30,,1538,14,,,0,70,,1548,14,,,0,30,,1545,14,,,0,70,,1539,14,,,0,30,,1549,14,,,0,70,,1546,14,,,0,30,,1540,14,,,0,100,,1547,14,,,0,70,,1541,14,,,0,30,,1553,14,,,0,70,,1551,14,,,0,30,,1550,14,,,0,70,,1542,14,,,0,30,,1552,14,,,0,100,,1543,14,,,0
800,'c_72082_b_87203_d_31',717,,1565,14,,,0,100,,1577,14,,,0,30,,1566,14,,,0,70,,1563,14,,,0,100,,1581,14,,,0,30,,1578,14,,,0,100,,1582,14,,,0,70,,1579,14,,,0,130,,1580,14,,,0,100,,1586,14,,,0,70,,1584,14,,,0,30,,1583,14,,,0,70,,1575,14,,,0,30,,1585,14,,,0,100,,1576,14,,,0
