301,'c_71837_b_86637_d_96',839,,887,23,,,0,100,,890,23,,,0,100,,888,23,,,0,100,,891,23,,,0,100,,889,23,,,0,100,,892,23,,,0,100,,886,23,,,0,100,,893,23,,,0,100,,895,23,,,0,100,,894,23,,,0,100,,896,23,,,0,170,,897,23,0,16 13,0,200,,898,23,0,16 13,0
301,'c_71839_b_86639_d_31',839,,900,23,,,0,100,,905,23,,,0,100,,901,23,,,0,100,,906,23,,,0,100,,902,23,,,0,100,,907,23,,,0,100,,899,23,,,0,100,,903,23,,,0,100,,910,23,,,0,100,,904,23,,,0,100,,911,23,,,0,170,,908,23,0,16 13,0,200,,909,23,0,16 13,0
301,'c_72078_b_87195_d_31',839,,1364,23,,,0,100,,1372,23,,,0,100,,1365,23,,,0,100,,1373,23,,,0,100,,1366,23,,,0,100,,1374,23,,,0,100,,1369,23,,,0,100,,1370,23,,,0,100,,1375,23,,,0,100,,1371,23,,,0,100,,1376,23,,,0,170,,1367,23,0,16 13,0,200,,1368,23,0,16 13,0
301,'c_72079_b_87196_d_32',839,,1378,23,,,0,100,,1381,23,,,0,100,,1379,23,,,0,100,,1382,23,,,0,100,,1380,23,,,0,100,,1383,23,,,0,100,,1377,23,,,0,100,,1384,23,,,0,100,,1386,23,,,0,100,,1385,23,,,0,100,,1387,23,,,0,170,,1388,23,0,16 13,0,200,,1389,23,0,16 13,0
301,'c_72081_b_87198_d_64',939,,1394,23,,,0,100,,1390,23,,,0,100,,1395,23,,,0,100,,1391,23,,,0,100,,1396,23,,,0,100,,1392,23,,,0,100,,1397,23,,,0,100,,1393,23,,,0,100,,1398,23,,,0
401,'c_71837_b_86637_d_96',739,,968,23,0,16 13,0,170,,969,23,,,0,100,,974,23,,,0,100,,970,23,,,0,100,,975,23,,,0,100,,971,23,,,0,100,,976,23,,,0,100,,972,23,,,0,100,,977,23,,,0,100,,973,23,,,0,100,,978,23,,,0,100,,981,23,0,16 13,0,200,,979,23,0,16 13,0,200,,980,23,0,16 13,0
401,'c_71839_b_86639_d_31',649,,982,23,,,0,90,,985,23,,,0,70,,983,23,,,0,100,,984,23,,,0,100,,991,23,,,0,100,,986,23,,,0,100,,992,23,,,0,100,,987,23,,,0,100,,993,23,,,0,100,,988,23,,,0,100,,994,23,,,0,100,,989,23,,,0,100,,995,23,,,0,100,,990,23,0,16 13,0,200,,996,23,0,16 13,0,200,,997,23,0,16 13,0
401,'c_72078_b_87195_d_31',649,,1474,23,,,0,90,,1477,23,,,0,70,,1475,23,,,0,100,,1476,23,,,0,100,,1483,23,,,0,100,,1478,23,,,0,100,,1484,23,,,0,100,,1479,23,,,0,100,,1485,23,,,0,100,,1480,23,,,0,100,,1486,23,,,0,100,,1481,23,,,0,100,,1487,23,,,0,100,,1482,23,0,16 13,0,200,,1488,23,0,16 13,0,200,,1489,23,0,16 13,0
401,'c_72079_b_87196_d_32',739,,1490,23,0,16 13,0,170,,1491,23,,,0,100,,1496,23,,,0,100,,1492,23,,,0,100,,1497,23,,,0,100,,1493,23,,,0,100,,1498,23,,,0,100,,1494,23,,,0,100,,1499,23,,,0,100,,1495,23,,,0,100,,1500,23,,,0,100,,1503,23,0,16 13,0,200,,1501,23,0,16 13,0,200,,1502,23,0,16 13,0
401,'c_72081_b_87198_d_64',1009,,1509,23,,,0,100,,1504,23,,,0,100,,1510,23,,,0,100,,1505,23,,,0,100,,1511,23,,,0,100,,1506,23,,,0,100,,1512,23,,,0,100,,1507,23,,,0,100,,1508,23,0,16 13,0
