301,'c_71837_b_86637_d_96',833,,887,18,,,0,100,,890,18,,,0,100,,888,18,,,0,100,,891,18,,,0,100,,889,18,,,0,100,,892,18,,,0,100,,886,18,,,0,100,,893,18,,,0,100,,895,18,,,0,100,,894,18,,,0,100,,896,18,,,0,170,,897,18,0,16 13,0,200,,898,18,0,16 13,0
301,'c_71839_b_86639_d_31',833,,900,18,,,0,100,,905,18,,,0,100,,901,18,,,0,100,,906,18,,,0,100,,902,18,,,0,100,,907,18,,,0,100,,899,18,,,0,100,,903,18,,,0,100,,910,18,,,0,100,,904,18,,,0,100,,911,18,,,0,170,,908,18,0,16 13,0,200,,909,18,0,16 13,0
301,'c_72078_b_87195_d_31',833,,1364,18,,,0,100,,1372,18,,,0,100,,1365,18,,,0,100,,1373,18,,,0,100,,1366,18,,,0,100,,1374,18,,,0,100,,1369,18,,,0,100,,1370,18,,,0,100,,1375,18,,,0,100,,1371,18,,,0,100,,1376,18,,,0,170,,1367,18,0,16 13,0,200,,1368,18,0,16 13,0
301,'c_72079_b_87196_d_32',833,,1378,18,,,0,100,,1381,18,,,0,100,,1379,18,,,0,100,,1382,18,,,0,100,,1380,18,,,0,100,,1383,18,,,0,100,,1377,18,,,0,100,,1384,18,,,0,100,,1386,18,,,0,100,,1385,18,,,0,100,,1387,18,,,0,170,,1388,18,0,16 13,0,200,,1389,18,0,16 13,0
301,'c_72081_b_87198_d_64',933,,1394,18,,,0,100,,1390,18,,,0,100,,1395,18,,,0,100,,1391,18,,,0,100,,1396,18,,,0,100,,1392,18,,,0,100,,1397,18,,,0,100,,1393,18,,,0,100,,1398,18,,,0
401,'c_71837_b_86637_d_96',733,,968,18,0,16 13,0,170,,969,18,,,0,100,,974,18,,,0,100,,970,18,,,0,100,,975,18,,,0,100,,971,18,,,0,100,,976,18,,,0,100,,972,18,,,0,100,,977,18,,,0,100,,973,18,,,0,100,,978,18,,,0,100,,981,18,0,16 13,0,200,,979,18,0,16 13,0,200,,980,18,0,16 13,0
401,'c_71839_b_86639_d_31',643,,982,18,,,0,90,,985,18,,,0,70,,983,18,,,0,100,,984,18,,,0,100,,991,18,,,0,100,,986,18,,,0,100,,992,18,,,0,100,,987,18,,,0,100,,993,18,,,0,100,,988,18,,,0,100,,994,18,,,0,100,,989,18,,,0,100,,995,18,,,0,100,,990,18,0,16 13,0,200,,996,18,0,16 13,0,200,,997,18,0,16 13,0
401,'c_72078_b_87195_d_31',643,,1474,18,,,0,90,,1477,18,,,0,70,,1475,18,,,0,100,,1476,18,,,0,100,,1483,18,,,0,100,,1478,18,,,0,100,,1484,18,,,0,100,,1479,18,,,0,100,,1485,18,,,0,100,,1480,18,,,0,100,,1486,18,,,0,100,,1481,18,,,0,100,,1487,18,,,0,100,,1482,18,0,16 13,0,200,,1488,18,0,16 13,0,200,,1489,18,0,16 13,0
401,'c_72079_b_87196_d_32',733,,1490,18,0,16 13,0,170,,1491,18,,,0,100,,1496,18,,,0,100,,1492,18,,,0,100,,1497,18,,,0,100,,1493,18,,,0,100,,1498,18,,,0,100,,1494,18,,,0,100,,1499,18,,,0,100,,1495,18,,,0,100,,1500,18,,,0,100,,1503,18,0,16 13,0,200,,1501,18,0,16 13,0,200,,1502,18,0,16 13,0
401,'c_72081_b_87198_d_64',1003,,1509,18,,,0,100,,1504,18,,,0,100,,1510,18,,,0,100,,1505,18,,,0,100,,1511,18,,,0,100,,1506,18,,,0,100,,1512,18,,,0,100,,1507,18,,,0,100,,1508,18,0,16 13,0
