301,'c_71837_b_86637_d_96',818,,887,5,,,0,100,,890,5,,,0,100,,888,5,,,0,100,,891,5,,,0,100,,889,5,,,0,100,,892,5,,,0,100,,886,5,,,0,100,,893,5,,,0,100,,895,5,,,0,100,,894,5,,,0,100,,896,5,,,0,130,,897,5,0,16 13,0,200,,898,5,0,16 13,0
301,'c_71839_b_86639_d_31',818,,900,5,,,0,100,,905,5,,,0,100,,901,5,,,0,100,,906,5,,,0,100,,902,5,,,0,100,,907,5,,,0,100,,899,5,,,0,100,,903,5,,,0,100,,910,5,,,0,100,,904,5,,,0,100,,911,5,,,0,130,,908,5,0,16 13,0,200,,909,5,0,16 13,0
301,'c_72078_b_87195_d_31',818,,1364,5,,,0,100,,1372,5,,,0,100,,1365,5,,,0,100,,1373,5,,,0,100,,1366,5,,,0,100,,1374,5,,,0,100,,1369,5,,,0,100,,1370,5,,,0,100,,1375,5,,,0,100,,1371,5,,,0,100,,1376,5,,,0,130,,1367,5,0,16 13,0,200,,1368,5,0,16 13,0
301,'c_72079_b_87196_d_32',818,,1378,5,,,0,100,,1381,5,,,0,100,,1379,5,,,0,100,,1382,5,,,0,100,,1380,5,,,0,100,,1383,5,,,0,100,,1377,5,,,0,100,,1384,5,,,0,100,,1386,5,,,0,100,,1385,5,,,0,100,,1387,5,,,0,130,,1388,5,0,16 13,0,200,,1389,5,0,16 13,0
301,'c_72081_b_87198_d_64',918,,1394,5,,,0,100,,1390,5,,,0,100,,1395,5,,,0,100,,1391,5,,,0,100,,1396,5,,,0,100,,1392,5,,,0,100,,1397,5,,,0,100,,1393,5,,,0,100,,1398,5,,,0
401,'c_71837_b_86637_d_96',717,,968,5,0,16 13,0,130,,969,5,,,0,100,,974,5,,,0,100,,970,5,,,0,100,,975,5,,,0,100,,971,5,,,0,100,,976,5,,,0,100,,972,5,,,0,100,,977,5,,,0,100,,973,5,,,0,100,,978,5,,,0,100,,981,5,0,16 13,0,200,,979,5,0,16 13,0,200,,980,5,0,16 13,0
401,'c_71839_b_86639_d_31',628,,982,5,,,0,90,,985,5,,,0,30,,983,5,,,0,100,,984,5,,,0,100,,991,5,,,0,100,,986,5,,,0,100,,992,5,,,0,100,,987,5,,,0,100,,993,5,,,0,100,,988,5,,,0,100,,994,5,,,0,100,,989,5,,,0,100,,995,5,,,0,100,,990,5,0,16 13,0,200,,996,5,0,16 13,0,200,,997,5,0,16 13,0
401,'c_72078_b_87195_d_31',628,,1474,5,,,0,90,,1477,5,,,0,30,,1475,5,,,0,100,,1476,5,,,0,100,,1483,5,,,0,100,,1478,5,,,0,100,,1484,5,,,0,100,,1479,5,,,0,100,,1485,5,,,0,100,,1480,5,,,0,100,,1486,5,,,0,100,,1481,5,,,0,100,,1487,5,,,0,100,,1482,5,0,16 13,0,200,,1488,5,0,16 13,0,200,,1489,5,0,16 13,0
401,'c_72079_b_87196_d_32',717,,1490,5,0,16 13,0,130,,1491,5,,,0,100,,1496,5,,,0,100,,1492,5,,,0,100,,1497,5,,,0,100,,1493,5,,,0,100,,1498,5,,,0,100,,1494,5,,,0,100,,1499,5,,,0,100,,1495,5,,,0,100,,1500,5,,,0,100,,1503,5,0,16 13,0,200,,1501,5,0,16 13,0,200,,1502,5,0,16 13,0
401,'c_72081_b_87198_d_64',948,,1509,5,,,0,100,,1504,5,,,0,100,,1510,5,,,0,100,,1505,5,,,0,100,,1511,5,,,0,100,,1506,5,,,0,100,,1512,5,,,0,100,,1507,5,,,0,100,,1508,5,0,16 13,0
701,'c_71885_b_86774_d_31',648,,1071,5,,,0
701,'c_72080_b_87197_d_31',648,,1517,5,,,0
701,'c_72082_b_87203_d_31',648,,1518,5,,,0
