300,'c_71837_b_86637_d_96',725,,848,11,,,0,100,,845,11,,,0,100,,849,11,,,0,100,,846,11,,,0,100,,850,11,,,0,100,,847,11,,,0,100,,851,11,,,0,100,,833,11,,,0,100,,852,11,,,0,100,,834,11,,,0,100,,853,11,,,0,130,,830,11,,,0,200,,831,11,,,0,200,,832,11,,,0
300,'c_71839_b_86639_d_31',720,,865,11,,,0,105,,866,11,,,0,100,,869,11,,,0,100,,867,11,,,0,100,,870,11,,,0,100,,868,11,,,0,100,,871,11,,,0,100,,860,11,,,0,100,,858,11,,,0,100,,861,11,,,0,100,,859,11,,,0,130,,862,11,,,0,200,,863,11,,,0,200,,864,11,,,0
300,'c_72078_b_87195_d_31',720,,1292,11,,,0,105,,1311,11,,,0,100,,1314,11,,,0,100,,1312,11,,,0,100,,1315,11,,,0,100,,1313,11,,,0,100,,1316,11,,,0,100,,1309,11,,,0,100,,1307,11,,,0,100,,1310,11,,,0,100,,1308,11,,,0,130,,1289,11,,,0,200,,1290,11,,,0,200,,1291,11,,,0
300,'c_72079_b_87196_d_32',725,,1339,11,,,0,100,,1336,11,,,0,100,,1340,11,,,0,100,,1337,11,,,0,100,,1341,11,,,0,100,,1338,11,,,0,100,,1342,11,,,0,100,,1334,11,,,0,100,,1343,11,,,0,100,,1335,11,,,0,100,,1344,11,,,0,130,,1331,11,,,0,200,,1332,11,,,0,200,,1333,11,,,0
300,'c_72081_b_87198_d_64',925,,1349,11,,,0,100,,1345,11,,,0,100,,1350,11,,,0,100,,1346,11,,,0,100,,1351,11,,,0,100,,1347,11,,,0,100,,1352,11,,,0,100,,1348,11,,,0,100,,1353,11,,,0
301,'c_71837_b_86637_d_96',834,,887,19,,,0,100,,890,19,,,0,100,,888,19,,,0,100,,891,19,,,0,100,,889,19,,,0,100,,892,19,,,0,100,,886,19,,,0,100,,893,19,,,0,100,,895,19,,,0,100,,894,19,,,0,100,,896,19,,,0,170,,897,19,0,16 13,0,200,,898,19,0,16 13,0
301,'c_71839_b_86639_d_31',834,,900,19,,,0,100,,905,19,,,0,100,,901,19,,,0,100,,906,19,,,0,100,,902,19,,,0,100,,907,19,,,0,100,,899,19,,,0,100,,903,19,,,0,100,,910,19,,,0,100,,904,19,,,0,100,,911,19,,,0,170,,908,19,0,16 13,0,200,,909,19,0,16 13,0
301,'c_72078_b_87195_d_31',834,,1364,19,,,0,100,,1372,19,,,0,100,,1365,19,,,0,100,,1373,19,,,0,100,,1366,19,,,0,100,,1374,19,,,0,100,,1369,19,,,0,100,,1370,19,,,0,100,,1375,19,,,0,100,,1371,19,,,0,100,,1376,19,,,0,170,,1367,19,0,16 13,0,200,,1368,19,0,16 13,0
301,'c_72079_b_87196_d_32',834,,1378,19,,,0,100,,1381,19,,,0,100,,1379,19,,,0,100,,1382,19,,,0,100,,1380,19,,,0,100,,1383,19,,,0,100,,1377,19,,,0,100,,1384,19,,,0,100,,1386,19,,,0,100,,1385,19,,,0,100,,1387,19,,,0,170,,1388,19,0,16 13,0,200,,1389,19,0,16 13,0
301,'c_72081_b_87198_d_64',934,,1394,19,,,0,100,,1390,19,,,0,100,,1395,19,,,0,100,,1391,19,,,0,100,,1396,19,,,0,100,,1392,19,,,0,100,,1397,19,,,0,100,,1393,19,,,0,100,,1398,19,,,0
400,'c_71837_b_86637_d_96',855,,933,11,,,0,100,,921,11,,,0,100,,934,11,,,0,100,,922,11,,,0,100,,935,11,,,0,100,,923,11,,,0,100,,936,11,,,0,100,,924,11,,,0,100,,937,11,,,0,100,,925,11,,,0,200,,912,11,,,0,200,,913,11,,,0
400,'c_71839_b_86639_d_31',650,,966,11,,,0,105,,944,11,,,0,100,,942,11,,,0,100,,961,11,,,0,100,,957,11,,,0,100,,962,11,,,0,100,,958,11,,,0,100,,963,11,,,0,100,,959,11,,,0,100,,964,11,,,0,100,,960,11,,,0,100,,965,11,,,0,200,,940,11,,,0,200,,941,11,,,0
400,'c_72078_b_87195_d_31',650,,1428,11,,,0,105,,1405,11,,,0,100,,1403,11,,,0,100,,1422,11,,,0,100,,1418,11,,,0,100,,1423,11,,,0,100,,1419,11,,,0,100,,1424,11,,,0,100,,1420,11,,,0,100,,1425,11,,,0,100,,1421,11,,,0,100,,1426,11,,,0,200,,1401,11,,,0,200,,1402,11,,,0
400,'c_72079_b_87196_d_32',855,,1450,11,,,0,100,,1438,11,,,0,100,,1451,11,,,0,100,,1439,11,,,0,100,,1452,11,,,0,100,,1440,11,,,0,100,,1453,11,,,0,100,,1441,11,,,0,100,,1454,11,,,0,100,,1442,11,,,0,200,,1429,11,,,0,200,,1430,11,,,0
400,'c_72081_b_87198_d_64',955,,1459,11,,,0,100,,1455,11,,,0,100,,1460,11,,,0,100,,1456,11,,,0,100,,1461,11,,,0,100,,1457,11,,,0,100,,1462,11,,,0,100,,1458,11,,,0,100,,1463,11,,,0
401,'c_71837_b_86637_d_96',735,,968,19,0,16 13,0,170,,969,19,,,0,100,,974,19,,,0,100,,970,19,,,0,100,,975,19,,,0,100,,971,19,,,0,100,,976,19,,,0,100,,972,19,,,0,100,,977,19,,,0,100,,973,19,,,0,100,,978,19,,,0,100,,981,19,0,16 13,0,200,,979,19,0,16 13,0,200,,980,19,0,16 13,0
401,'c_71839_b_86639_d_31',644,,982,19,,,0,90,,985,19,,,0,70,,983,19,,,0,100,,984,19,,,0,100,,991,19,,,0,100,,986,19,,,0,100,,992,19,,,0,100,,987,19,,,0,100,,993,19,,,0,100,,988,19,,,0,100,,994,19,,,0,100,,989,19,,,0,100,,995,19,,,0,100,,990,19,0,16 13,0,200,,996,19,0,16 13,0,200,,997,19,0,16 13,0
401,'c_72078_b_87195_d_31',644,,1474,19,,,0,90,,1477,19,,,0,70,,1475,19,,,0,100,,1476,19,,,0,100,,1483,19,,,0,100,,1478,19,,,0,100,,1484,19,,,0,100,,1479,19,,,0,100,,1485,19,,,0,100,,1480,19,,,0,100,,1486,19,,,0,100,,1481,19,,,0,100,,1487,19,,,0,100,,1482,19,0,16 13,0,200,,1488,19,0,16 13,0,200,,1489,19,0,16 13,0
401,'c_72079_b_87196_d_32',735,,1490,19,0,16 13,0,170,,1491,19,,,0,100,,1496,19,,,0,100,,1492,19,,,0,100,,1497,19,,,0,100,,1493,19,,,0,100,,1498,19,,,0,100,,1494,19,,,0,100,,1499,19,,,0,100,,1495,19,,,0,100,,1500,19,,,0,100,,1503,19,0,16 13,0,200,,1501,19,0,16 13,0,200,,1502,19,0,16 13,0
401,'c_72081_b_87198_d_64',1004,,1509,19,,,0,100,,1504,19,,,0,100,,1510,19,,,0,100,,1505,19,,,0,100,,1511,19,,,0,100,,1506,19,,,0,100,,1512,19,,,0,100,,1507,19,,,0,100,,1508,19,0,16 13,0
