101,'c_71837_b_86637_d_96',709,,789,13,,,0,100,,774,13,,,0,30,,790,13,,,0,70,,775,13,,,0,30,,793,13,,,0,70,,776,13,,,0,30,,794,13,,,0,70,,777,13,,,0,30,,795,13,,,0,70,,778,13,,,0,30,,796,13,,,0,70,,779,13,,,0,30,,797,13,,,0,70,,780,13,,,0,30,,798,13,,,0,70,,781,13,,,0,30,,799,13,,,0,70,,782,13,,,0,30,,800,13,,,0,70,,783,13,,,0,30,,791,13,,,0,70,,784,13,,,0,30,,792,13,,,0,100,,785,13,,,0,100,,786,13,,,0,100,,787,13,,,0,100,,788,13,,,0
101,'c_71839_b_86639_d_31',634,,811,13,,,0,70,,812,13,,,0,35,,821,13,,,0,70,,822,13,,,0,30,,829,13,,,0,70,,823,13,,,0,30,,801,13,,,0,70,,824,13,,,0,30,,803,13,,,0,70,,825,13,,,0,30,,804,13,,,0,70,,826,13,,,0,30,,805,13,,,0,70,,827,13,,,0,30,,806,13,,,0,70,,828,13,,,0,30,,807,13,,,0,70,,813,13,,,0,30,,808,13,,,0,70,,814,13,,,0,30,,809,13,,,0,70,,815,13,,,0,30,,810,13,,,0,70,,816,13,,,0,30,,802,13,,,0,100,,817,13,,,0,100,,818,13,,,0,100,,819,13,,,0,100,,820,13,,,0
101,'c_72078_b_87195_d_31',634,,1229,13,,,0,70,,1230,13,,,0,35,,1235,13,,,0,70,,1236,13,,,0,30,,1243,13,,,0,70,,1237,13,,,0,30,,1215,13,,,0,70,,1238,13,,,0,30,,1217,13,,,0,70,,1239,13,,,0,30,,1218,13,,,0,70,,1240,13,,,0,30,,1219,13,,,0,70,,1241,13,,,0,30,,1220,13,,,0,70,,1242,13,,,0,30,,1221,13,,,0,70,,1231,13,,,0,30,,1222,13,,,0,70,,1232,13,,,0,30,,1223,13,,,0,70,,1233,13,,,0,30,,1224,13,,,0,70,,1234,13,,,0,30,,1216,13,,,0,100,,1225,13,,,0,100,,1226,13,,,0,100,,1227,13,,,0,100,,1228,13,,,0
101,'c_72079_b_87196_d_32',709,,1259,13,,,0,100,,1244,13,,,0,30,,1260,13,,,0,70,,1245,13,,,0,30,,1263,13,,,0,70,,1246,13,,,0,30,,1264,13,,,0,70,,1247,13,,,0,30,,1265,13,,,0,70,,1248,13,,,0,30,,1266,13,,,0,70,,1249,13,,,0,30,,1267,13,,,0,70,,1250,13,,,0,30,,1268,13,,,0,70,,1251,13,,,0,30,,1269,13,,,0,70,,1252,13,,,0,30,,1270,13,,,0,70,,1253,13,,,0,30,,1261,13,,,0,70,,1254,13,,,0,30,,1262,13,,,0,100,,1255,13,,,0,100,,1256,13,,,0,100,,1257,13,,,0,100,,1258,13,,,0
101,'c_72081_b_87198_d_64',909,,1280,13,,,0,30,,1271,13,,,0,70,,1281,13,,,0,30,,1272,13,,,0,70,,1282,13,,,0,30,,1273,13,,,0,70,,1283,13,,,0,30,,1274,13,,,0,70,,1284,13,,,0,30,,1275,13,,,0,70,,1285,13,,,0,30,,1276,13,,,0,70,,1286,13,,,0,30,,1277,13,,,0,70,,1287,13,,,0,30,,1278,13,,,0,70,,1288,13,,,0,30,,1279,13,,,0
701,'c_71885_b_86774_d_31',709,,1071,17,,,0
701,'c_72080_b_87197_d_31',709,,1517,17,,,0
701,'c_72082_b_87203_d_31',709,,1518,17,,,0
801,'c_71885_b_86774_d_31',731,,1117,10,,,0,70,,1115,10,,,0,30,,1116,10,,,0,70,,1118,10,,,0,30,,1125,10,,,0,70,,1122,10,,,0,30,,1119,10,,,0,70,,1126,10,,,0,30,,1123,10,,,0,70,,1120,10,,,0,30,,1127,10,,,0,70,,1124,10,,,0,30,,1121,10,,,0,70,,1128,10,,,0,30,,1136,10,,,0,70,,1131,10,,,0,30,,1129,10,,,0,70,,1134,10,,,0,30,,1132,10,,,0,70,,1130,10,,,0,30,,1135,10,,,0,70,,1133,10,,,0
801,'c_72080_b_87197_d_31',731,,1597,10,,,0,70,,1595,10,,,0,30,,1596,10,,,0,70,,1598,10,,,0,30,,1605,10,,,0,70,,1602,10,,,0,30,,1599,10,,,0,70,,1606,10,,,0,30,,1603,10,,,0,70,,1600,10,,,0,30,,1607,10,,,0,70,,1604,10,,,0,30,,1601,10,,,0,70,,1608,10,,,0,30,,1616,10,,,0,70,,1611,10,,,0,30,,1609,10,,,0,70,,1614,10,,,0,30,,1612,10,,,0,70,,1610,10,,,0,30,,1615,10,,,0,70,,1613,10,,,0
801,'c_72082_b_87203_d_31',731,,1618,10,,,0,70,,1617,10,,,0,100,,1619,10,,,0,30,,1623,10,,,0,70,,1620,10,,,0,100,,1624,10,,,0,30,,1621,10,,,0,100,,1625,10,,,0,70,,1622,10,,,0,100,,1626,10,,,0,30,,1634,10,,,0,70,,1629,10,,,0,30,,1627,10,,,0,70,,1632,10,,,0,30,,1630,10,,,0,70,,1628,10,,,0,30,,1633,10,,,0,70,,1631,10,,,0
