100,'c_71837_b_86637_d_96',750,,724,5,,,0,100,,735,5,,,0,70,,725,5,,,0,30,,736,5,,,0,70,,727,5,,,0,30,,737,5,,,0,70,,728,5,,,0,30,,738,5,,,0,70,,729,5,,,0,30,,739,5,,,0,70,,730,5,,,0,30,,740,5,,,0,70,,731,5,,,0,30,,720,5,,,0,70,,732,5,,,0,30,,721,5,,,0,70,,733,5,,,0,30,,722,5,,,0,70,,734,5,,,0,30,,723,5,,,0,70,,726,5,,,0,100,,741,5,,,0,100,,742,5,,,0,100,,743,5,,,0,100,,744,5,,,0,100,,745,5,,,0
100,'c_71839_b_86639_d_31',720,,772,5,,,0,30,,746,5,,,0,70,,773,5,,,0,30,,747,5,,,0,70,,757,5,,,0,30,,748,5,,,0,70,,759,5,,,0,30,,749,5,,,0,70,,760,5,,,0,30,,750,5,,,0,70,,761,5,,,0,30,,751,5,,,0,70,,762,5,,,0,30,,752,5,,,0,70,,763,5,,,0,30,,753,5,,,0,70,,764,5,,,0,30,,754,5,,,0,70,,765,5,,,0,30,,755,5,,,0,70,,766,5,,,0,30,,756,5,,,0,70,,758,5,,,0,100,,767,5,,,0,100,,768,5,,,0,100,,769,5,,,0,100,,770,5,,,0,100,,771,5,,,0
100,'c_72078_b_87195_d_31',720,,1168,5,,,0,30,,1142,5,,,0,70,,1169,5,,,0,30,,1143,5,,,0,70,,1153,5,,,0,30,,1144,5,,,0,70,,1155,5,,,0,30,,1145,5,,,0,70,,1156,5,,,0,30,,1146,5,,,0,70,,1157,5,,,0,30,,1147,5,,,0,70,,1158,5,,,0,30,,1148,5,,,0,70,,1159,5,,,0,30,,1149,5,,,0,70,,1160,5,,,0,30,,1150,5,,,0,70,,1161,5,,,0,30,,1151,5,,,0,70,,1162,5,,,0,30,,1152,5,,,0,70,,1154,5,,,0,100,,1163,5,,,0,100,,1164,5,,,0,100,,1165,5,,,0,100,,1166,5,,,0,100,,1167,5,,,0
100,'c_72079_b_87196_d_32',750,,1174,5,,,0,100,,1185,5,,,0,70,,1175,5,,,0,30,,1186,5,,,0,70,,1177,5,,,0,30,,1187,5,,,0,70,,1178,5,,,0,30,,1188,5,,,0,70,,1179,5,,,0,30,,1189,5,,,0,70,,1180,5,,,0,30,,1190,5,,,0,70,,1181,5,,,0,30,,1170,5,,,0,70,,1182,5,,,0,30,,1171,5,,,0,70,,1183,5,,,0,30,,1172,5,,,0,70,,1184,5,,,0,30,,1173,5,,,0,70,,1176,5,,,0,100,,1191,5,,,0,100,,1192,5,,,0,100,,1193,5,,,0,100,,1194,5,,,0,100,,1195,5,,,0
100,'c_72081_b_87198_d_64',920,,1196,5,,,0,30,,1206,5,,,0,70,,1198,5,,,0,30,,1207,5,,,0,70,,1199,5,,,0,30,,1208,5,,,0,70,,1200,5,,,0,30,,1209,5,,,0,70,,1201,5,,,0,30,,1210,5,,,0,70,,1202,5,,,0,30,,1211,5,,,0,70,,1203,5,,,0,30,,1212,5,,,0,70,,1204,5,,,0,30,,1213,5,,,0,70,,1205,5,,,0,30,,1214,5,,,0,70,,1197,5,,,0
300,'c_71837_b_86637_d_96',718,,848,5,,,0,100,,845,5,,,0,100,,849,5,,,0,100,,846,5,,,0,100,,850,5,,,0,100,,847,5,,,0,100,,851,5,,,0,100,,833,5,,,0,100,,852,5,,,0,100,,834,5,,,0,100,,853,5,,,0,130,,830,5,,,0,200,,831,5,,,0,200,,832,5,,,0
300,'c_71839_b_86639_d_31',713,,865,5,,,0,105,,866,5,,,0,100,,869,5,,,0,100,,867,5,,,0,100,,870,5,,,0,100,,868,5,,,0,100,,871,5,,,0,100,,860,5,,,0,100,,858,5,,,0,100,,861,5,,,0,100,,859,5,,,0,130,,862,5,,,0,200,,863,5,,,0,200,,864,5,,,0
300,'c_72078_b_87195_d_31',713,,1292,5,,,0,105,,1311,5,,,0,100,,1314,5,,,0,100,,1312,5,,,0,100,,1315,5,,,0,100,,1313,5,,,0,100,,1316,5,,,0,100,,1309,5,,,0,100,,1307,5,,,0,100,,1310,5,,,0,100,,1308,5,,,0,130,,1289,5,,,0,200,,1290,5,,,0,200,,1291,5,,,0
300,'c_72079_b_87196_d_32',718,,1339,5,,,0,100,,1336,5,,,0,100,,1340,5,,,0,100,,1337,5,,,0,100,,1341,5,,,0,100,,1338,5,,,0,100,,1342,5,,,0,100,,1334,5,,,0,100,,1343,5,,,0,100,,1335,5,,,0,100,,1344,5,,,0,130,,1331,5,,,0,200,,1332,5,,,0,200,,1333,5,,,0
300,'c_72081_b_87198_d_64',918,,1349,5,,,0,100,,1345,5,,,0,100,,1350,5,,,0,100,,1346,5,,,0,100,,1351,5,,,0,100,,1347,5,,,0,100,,1352,5,,,0,100,,1348,5,,,0,100,,1353,5,,,0
400,'c_71837_b_86637_d_96',848,,933,5,,,0,100,,921,5,,,0,100,,934,5,,,0,100,,922,5,,,0,100,,935,5,,,0,100,,923,5,,,0,100,,936,5,,,0,100,,924,5,,,0,100,,937,5,,,0,100,,925,5,,,0,200,,912,5,,,0,200,,913,5,,,0
400,'c_71839_b_86639_d_31',643,,966,5,,,0,105,,944,5,,,0,100,,942,5,,,0,100,,961,5,,,0,100,,957,5,,,0,100,,962,5,,,0,100,,958,5,,,0,100,,963,5,,,0,100,,959,5,,,0,100,,964,5,,,0,100,,960,5,,,0,100,,965,5,,,0,200,,940,5,,,0,200,,941,5,,,0
400,'c_72078_b_87195_d_31',643,,1428,5,,,0,105,,1405,5,,,0,100,,1403,5,,,0,100,,1422,5,,,0,100,,1418,5,,,0,100,,1423,5,,,0,100,,1419,5,,,0,100,,1424,5,,,0,100,,1420,5,,,0,100,,1425,5,,,0,100,,1421,5,,,0,100,,1426,5,,,0,200,,1401,5,,,0,200,,1402,5,,,0
400,'c_72079_b_87196_d_32',848,,1450,5,,,0,100,,1438,5,,,0,100,,1451,5,,,0,100,,1439,5,,,0,100,,1452,5,,,0,100,,1440,5,,,0,100,,1453,5,,,0,100,,1441,5,,,0,100,,1454,5,,,0,100,,1442,5,,,0,200,,1429,5,,,0,200,,1430,5,,,0
400,'c_72081_b_87198_d_64',948,,1459,5,,,0,100,,1455,5,,,0,100,,1460,5,,,0,100,,1456,5,,,0,100,,1461,5,,,0,100,,1457,5,,,0,100,,1462,5,,,0,100,,1458,5,,,0,100,,1463,5,,,0
700,'c_71885_b_86774_d_31',1302,,1069,5,,,0,400,,1070,5,,,0
700,'c_72080_b_87197_d_31',1302,,1513,5,,,0,400,,1514,5,,,0
700,'c_72082_b_87203_d_31',1302,,1515,5,,,0,400,,1516,5,,,0
800,'c_71885_b_86774_d_31',702,,1089,5,,,0,30,,1075,5,,,0,70,,1097,5,,,0,30,,1090,5,,,0,70,,1074,5,,,0,30,,1091,5,,,0,70,,1101,5,,,0,30,,1098,5,,,0,70,,1092,5,,,0,30,,1102,5,,,0,70,,1099,5,,,0,30,,1093,5,,,0,100,,1100,5,,,0,70,,1094,5,,,0,30,,1106,5,,,0,70,,1104,5,,,0,30,,1103,5,,,0,70,,1095,5,,,0,30,,1105,5,,,0,100,,1096,5,,,0
800,'c_72080_b_87197_d_31',702,,1524,5,,,0,30,,1522,5,,,0,70,,1544,5,,,0,30,,1525,5,,,0,70,,1521,5,,,0,30,,1538,5,,,0,70,,1548,5,,,0,30,,1545,5,,,0,70,,1539,5,,,0,30,,1549,5,,,0,70,,1546,5,,,0,30,,1540,5,,,0,100,,1547,5,,,0,70,,1541,5,,,0,30,,1553,5,,,0,70,,1551,5,,,0,30,,1550,5,,,0,70,,1542,5,,,0,30,,1552,5,,,0,100,,1543,5,,,0
800,'c_72082_b_87203_d_31',702,,1565,5,,,0,100,,1577,5,,,0,30,,1566,5,,,0,70,,1563,5,,,0,100,,1581,5,,,0,30,,1578,5,,,0,100,,1582,5,,,0,70,,1579,5,,,0,130,,1580,5,,,0,100,,1586,5,,,0,70,,1584,5,,,0,30,,1583,5,,,0,70,,1575,5,,,0,30,,1585,5,,,0,100,,1576,5,,,0
