300,'c_71837_b_86637_d_96',753,,854,5,,,0,100,,835,5,,,0,100,,855,5,,,0,100,,836,5,,,0,100,,856,5,,,0,100,,837,5,,,0,100,,857,5,,,0,100,,838,5,,,0,100,,840,5,,,0,100,,839,5,,,0,100,,841,5,,,0,170,,842,5,,,0,200,,843,5,,,0,200,,844,5,,,0
300,'c_71839_b_86639_d_31',748,,882,5,,,0,105,,872,5,,,0,100,,883,5,,,0,100,,873,5,,,0,100,,884,5,,,0,100,,874,5,,,0,100,,885,5,,,0,100,,877,5,,,0,100,,875,5,,,0,100,,878,5,,,0,100,,876,5,,,0,170,,879,5,,,0,200,,880,5,,,0,200,,881,5,,,0
300,'c_72078_b_87195_d_31',748,,1303,5,,,0,105,,1293,5,,,0,100,,1304,5,,,0,100,,1294,5,,,0,100,,1305,5,,,0,100,,1295,5,,,0,100,,1306,5,,,0,100,,1298,5,,,0,100,,1296,5,,,0,100,,1299,5,,,0,100,,1297,5,,,0,170,,1300,5,,,0,200,,1301,5,,,0,200,,1302,5,,,0
300,'c_72079_b_87196_d_32',753,,1327,5,,,0,100,,1317,5,,,0,100,,1328,5,,,0,100,,1318,5,,,0,100,,1329,5,,,0,100,,1319,5,,,0,100,,1330,5,,,0,100,,1320,5,,,0,100,,1322,5,,,0,100,,1321,5,,,0,100,,1323,5,,,0,170,,1324,5,,,0,200,,1325,5,,,0,200,,1326,5,,,0
300,'c_72081_b_87198_d_64',853,,1354,5,,,0,100,,1359,5,,,0,100,,1355,5,,,0,100,,1360,5,,,0,100,,1356,5,,,0,100,,1361,5,,,0,100,,1357,5,,,0,100,,1362,5,,,0,100,,1358,5,,,0,100,,1363,5,,,0
800,'c_71885_b_86774_d_31',658,,1081,5,,,0,70,,1107,5,,,0,30,,1072,5,,,0,70,,1073,5,,,0,30,,1108,5,,,0,70,,1109,5,,,0,30,,1077,5,,,0,70,,1085,5,,,0,30,,1110,5,,,0,70,,1078,5,,,0,30,,1086,5,,,0,70,,1111,5,,,0,30,,1079,5,,,0,70,,1088,5,,,0,30,,1112,5,,,0,70,,1080,5,,,0,30,,1082,5,,,0,70,,1113,5,,,0,30,,1076,5,,,0,70,,1083,5,,,0,30,,1114,5,,,0,70,,1087,5,,,0,30,,1084,5,,,0
800,'c_72080_b_87197_d_31',658,,1530,5,,,0,70,,1554,5,,,0,30,,1519,5,,,0,70,,1520,5,,,0,30,,1555,5,,,0,70,,1556,5,,,0,30,,1526,5,,,0,70,,1534,5,,,0,30,,1557,5,,,0,70,,1527,5,,,0,30,,1535,5,,,0,70,,1558,5,,,0,30,,1528,5,,,0,70,,1537,5,,,0,30,,1559,5,,,0,70,,1529,5,,,0,30,,1531,5,,,0,70,,1560,5,,,0,30,,1523,5,,,0,70,,1532,5,,,0,30,,1561,5,,,0,70,,1536,5,,,0,30,,1533,5,,,0
800,'c_72082_b_87203_d_31',658,,1567,5,,,0,70,,1587,5,,,0,100,,1562,5,,,0,30,,1588,5,,,0,70,,1589,5,,,0,100,,1571,5,,,0,30,,1590,5,,,0,100,,1572,5,,,0,70,,1591,5,,,0,100,,1574,5,,,0,30,,1592,5,,,0,100,,1568,5,,,0,70,,1593,5,,,0,30,,1564,5,,,0,70,,1569,5,,,0,30,,1594,5,,,0,70,,1573,5,,,0,30,,1570,5,,,0
900,'c_71885_b_86774_d_31',608,,1137,5,,,0,20,,1138,5,,,0
900,'c_72080_b_87197_d_31',608,,1635,5,,,0,20,,1636,5,,,0
900,'c_72082_b_87203_d_31',608,,1637,5,,,0,20,,1638,5,,,0
