101,'c_71837_b_86637_d_96',712,,789,14,,,0,100,,774,14,,,0,30,,790,14,,,0,70,,775,14,,,0,30,,793,14,,,0,70,,776,14,,,0,30,,794,14,,,0,70,,777,14,,,0,30,,795,14,,,0,70,,778,14,,,0,30,,796,14,,,0,70,,779,14,,,0,30,,797,14,,,0,70,,780,14,,,0,30,,798,14,,,0,70,,781,14,,,0,30,,799,14,,,0,70,,782,14,,,0,30,,800,14,,,0,70,,783,14,,,0,30,,791,14,,,0,70,,784,14,,,0,30,,792,14,,,0,100,,785,14,,,0,100,,786,14,,,0,100,,787,14,,,0,100,,788,14,,,0
101,'c_71839_b_86639_d_31',637,,811,14,,,0,70,,812,14,,,0,35,,821,14,,,0,70,,822,14,,,0,30,,829,14,,,0,70,,823,14,,,0,30,,801,14,,,0,70,,824,14,,,0,30,,803,14,,,0,70,,825,14,,,0,30,,804,14,,,0,70,,826,14,,,0,30,,805,14,,,0,70,,827,14,,,0,30,,806,14,,,0,70,,828,14,,,0,30,,807,14,,,0,70,,813,14,,,0,30,,808,14,,,0,70,,814,14,,,0,30,,809,14,,,0,70,,815,14,,,0,30,,810,14,,,0,70,,816,14,,,0,30,,802,14,,,0,100,,817,14,,,0,100,,818,14,,,0,100,,819,14,,,0,100,,820,14,,,0
101,'c_72078_b_87195_d_31',637,,1229,14,,,0,70,,1230,14,,,0,35,,1235,14,,,0,70,,1236,14,,,0,30,,1243,14,,,0,70,,1237,14,,,0,30,,1215,14,,,0,70,,1238,14,,,0,30,,1217,14,,,0,70,,1239,14,,,0,30,,1218,14,,,0,70,,1240,14,,,0,30,,1219,14,,,0,70,,1241,14,,,0,30,,1220,14,,,0,70,,1242,14,,,0,30,,1221,14,,,0,70,,1231,14,,,0,30,,1222,14,,,0,70,,1232,14,,,0,30,,1223,14,,,0,70,,1233,14,,,0,30,,1224,14,,,0,70,,1234,14,,,0,30,,1216,14,,,0,100,,1225,14,,,0,100,,1226,14,,,0,100,,1227,14,,,0,100,,1228,14,,,0
101,'c_72079_b_87196_d_32',712,,1259,14,,,0,100,,1244,14,,,0,30,,1260,14,,,0,70,,1245,14,,,0,30,,1263,14,,,0,70,,1246,14,,,0,30,,1264,14,,,0,70,,1247,14,,,0,30,,1265,14,,,0,70,,1248,14,,,0,30,,1266,14,,,0,70,,1249,14,,,0,30,,1267,14,,,0,70,,1250,14,,,0,30,,1268,14,,,0,70,,1251,14,,,0,30,,1269,14,,,0,70,,1252,14,,,0,30,,1270,14,,,0,70,,1253,14,,,0,30,,1261,14,,,0,70,,1254,14,,,0,30,,1262,14,,,0,100,,1255,14,,,0,100,,1256,14,,,0,100,,1257,14,,,0,100,,1258,14,,,0
101,'c_72081_b_87198_d_64',912,,1280,14,,,0,30,,1271,14,,,0,70,,1281,14,,,0,30,,1272,14,,,0,70,,1282,14,,,0,30,,1273,14,,,0,70,,1283,14,,,0,30,,1274,14,,,0,70,,1284,14,,,0,30,,1275,14,,,0,70,,1285,14,,,0,30,,1276,14,,,0,70,,1286,14,,,0,30,,1277,14,,,0,70,,1287,14,,,0,30,,1278,14,,,0,70,,1288,14,,,0,30,,1279,14,,,0
301,'c_71837_b_86637_d_96',843,,887,26,,,0,100,,890,26,,,0,100,,888,26,,,0,100,,891,26,,,0,100,,889,26,,,0,100,,892,26,,,0,100,,886,26,,,0,100,,893,26,,,0,100,,895,26,,,0,100,,894,26,,,0,100,,896,26,,,0,170,,897,26,0,16 13,0,200,,898,26,0,16 13,0
301,'c_71839_b_86639_d_31',843,,900,26,,,0,100,,905,26,,,0,100,,901,26,,,0,100,,906,26,,,0,100,,902,26,,,0,100,,907,26,,,0,100,,899,26,,,0,100,,903,26,,,0,100,,910,26,,,0,100,,904,26,,,0,100,,911,26,,,0,170,,908,26,0,16 13,0,200,,909,26,0,16 13,0
301,'c_72078_b_87195_d_31',843,,1364,26,,,0,100,,1372,26,,,0,100,,1365,26,,,0,100,,1373,26,,,0,100,,1366,26,,,0,100,,1374,26,,,0,100,,1369,26,,,0,100,,1370,26,,,0,100,,1375,26,,,0,100,,1371,26,,,0,100,,1376,26,,,0,170,,1367,26,0,16 13,0,200,,1368,26,0,16 13,0
301,'c_72079_b_87196_d_32',843,,1378,26,,,0,100,,1381,26,,,0,100,,1379,26,,,0,100,,1382,26,,,0,100,,1380,26,,,0,100,,1383,26,,,0,100,,1377,26,,,0,100,,1384,26,,,0,100,,1386,26,,,0,100,,1385,26,,,0,100,,1387,26,,,0,170,,1388,26,0,16 13,0,200,,1389,26,0,16 13,0
301,'c_72081_b_87198_d_64',943,,1394,26,,,0,100,,1390,26,,,0,100,,1395,26,,,0,100,,1391,26,,,0,100,,1396,26,,,0,100,,1392,26,,,0,100,,1397,26,,,0,100,,1393,26,,,0,100,,1398,26,,,0
401,'c_71837_b_86637_d_96',743,,968,26,0,16 13,0,170,,969,26,,,0,100,,974,26,,,0,100,,970,26,,,0,100,,975,26,,,0,100,,971,26,,,0,100,,976,26,,,0,100,,972,26,,,0,100,,977,26,,,0,100,,973,26,,,0,100,,978,26,,,0,100,,981,26,0,16 13,0,200,,979,26,0,16 13,0,200,,980,26,0,16 13,0
401,'c_71839_b_86639_d_31',653,,982,26,,,0,90,,985,26,,,0,70,,983,26,,,0,100,,984,26,,,0,100,,991,26,,,0,100,,986,26,,,0,100,,992,26,,,0,100,,987,26,,,0,100,,993,26,,,0,100,,988,26,,,0,100,,994,26,,,0,100,,989,26,,,0,100,,995,26,,,0,100,,990,26,0,16 13,0,200,,996,26,0,16 13,0,200,,997,26,0,16 13,0
401,'c_72078_b_87195_d_31',653,,1474,26,,,0,90,,1477,26,,,0,70,,1475,26,,,0,100,,1476,26,,,0,100,,1483,26,,,0,100,,1478,26,,,0,100,,1484,26,,,0,100,,1479,26,,,0,100,,1485,26,,,0,100,,1480,26,,,0,100,,1486,26,,,0,100,,1481,26,,,0,100,,1487,26,,,0,100,,1482,26,0,16 13,0,200,,1488,26,0,16 13,0,200,,1489,26,0,16 13,0
401,'c_72079_b_87196_d_32',743,,1490,26,0,16 13,0,170,,1491,26,,,0,100,,1496,26,,,0,100,,1492,26,,,0,100,,1497,26,,,0,100,,1493,26,,,0,100,,1498,26,,,0,100,,1494,26,,,0,100,,1499,26,,,0,100,,1495,26,,,0,100,,1500,26,,,0,100,,1503,26,0,16 13,0,200,,1501,26,0,16 13,0,200,,1502,26,0,16 13,0
401,'c_72081_b_87198_d_64',1013,,1509,26,,,0,100,,1504,26,,,0,100,,1510,26,,,0,100,,1505,26,,,0,100,,1511,26,,,0,100,,1506,26,,,0,100,,1512,26,,,0,100,,1507,26,,,0,100,,1508,26,0,16 13,0
701,'c_71885_b_86774_d_31',713,,1071,18,,,0
701,'c_72080_b_87197_d_31',713,,1517,18,,,0
701,'c_72082_b_87203_d_31',713,,1518,18,,,0
801,'c_71885_b_86774_d_31',735,,1117,11,,,0,70,,1115,11,,,0,30,,1116,11,,,0,70,,1118,11,,,0,30,,1125,11,,,0,70,,1122,11,,,0,30,,1119,11,,,0,70,,1126,11,,,0,30,,1123,11,,,0,70,,1120,11,,,0,30,,1127,11,,,0,70,,1124,11,,,0,30,,1121,11,,,0,70,,1128,11,,,0,30,,1136,11,,,0,70,,1131,11,,,0,30,,1129,11,,,0,70,,1134,11,,,0,30,,1132,11,,,0,70,,1130,11,,,0,30,,1135,11,,,0,70,,1133,11,,,0
801,'c_72080_b_87197_d_31',735,,1597,11,,,0,70,,1595,11,,,0,30,,1596,11,,,0,70,,1598,11,,,0,30,,1605,11,,,0,70,,1602,11,,,0,30,,1599,11,,,0,70,,1606,11,,,0,30,,1603,11,,,0,70,,1600,11,,,0,30,,1607,11,,,0,70,,1604,11,,,0,30,,1601,11,,,0,70,,1608,11,,,0,30,,1616,11,,,0,70,,1611,11,,,0,30,,1609,11,,,0,70,,1614,11,,,0,30,,1612,11,,,0,70,,1610,11,,,0,30,,1615,11,,,0,70,,1613,11,,,0
801,'c_72082_b_87203_d_31',735,,1618,11,,,0,70,,1617,11,,,0,100,,1619,11,,,0,30,,1623,11,,,0,70,,1620,11,,,0,100,,1624,11,,,0,30,,1621,11,,,0,100,,1625,11,,,0,70,,1622,11,,,0,100,,1626,11,,,0,30,,1634,11,,,0,70,,1629,11,,,0,30,,1627,11,,,0,70,,1632,11,,,0,30,,1630,11,,,0,70,,1628,11,,,0,30,,1633,11,,,0,70,,1631,11,,,0
